Coleta	Estacao	Tratamento	Ponto	Ponto	Profundidade	TeorH2O	AT	DP	DS	Ma	Mi	PTotal	RP	P_res	pH	K	Ca	Mg	H_Al	Al	SB	CTC	V	Ca_CTC	Mg_CTC	M_Sat_Al	Est_C	T_Ar	RH	WBT	Ab_Abs
1	Primavera	SAF	P1	P1	1m_solo	0.00	0.0	0.0	0.00	0.00	0.00	0.00	0.00	0.00	0.00	0.00	0.00	0.00	0.00	0.00	0.00	0.00	0.00	0.00	0.00	0.00	0.00	24.0	69.6	20.6	0
1	Primavera	SAF	P1	P1	COB	0.00	0.0	0.0	0.00	0.00	0.00	0.00	0.00	0.00	0.00	0.00	0.00	0.00	0.00	0.00	0.00	0.00	0.00	0.00	0.00	0.00	0.00	31.0	54.0	22.6	2
1	Primavera	SAF	P1	P1	0.00-0.10	0.10	897.0	2.7	1.53	0.04	0.13	0.16		150	6.5	1.3	148	16	12	0	165.3	177.3	93	83	9	0	1.93	0.0	0.0	0.0	10
1	Primavera	SAF	P1	P1	0.10-0.20	0.06	903.0	2.6	1.53	0.03	0.15	0.18		16	4.8	1.7	23	6	25	2	30.7	55.7	55	41	11	6	0.96	0.0	0.0	0.0	6
1	Primavera	SAF	P1	P1	0.20-0.30	0.05	904.0	2.6	1.51	0.06	0.21	0.27		49	5.8	2.0	44	11	15	0	57.0	72.0	79	61	15	0	1.31	0.0	0.0	0.0	9
1	Primavera	SAF	P2	P2	1m_solo	0.00	0.0	0.0	0.00	0.00	0.00	0.00	0.00	0.00	0.00	0.00	0.00	0.00	0.00	0.00	0.00	0.00	0.00	0.00	0.00	0.00	0.00	34.2	34.0	22.1	0
1	Primavera	SAF	P2	P2	COB	0.00	0.0	0.0	0.00	0.00	0.00	0.00	0.00	0.00	0.00	0.00	0.00	0.00	0.00	0.00	0.00	0.00	0.00	0.00	0.00	0.00	0.00	35.6	35.0	22.7	0
1	Primavera	SAF	P2	P2	0.00-0.10	0.19	833.0	2.4	1.19	0.04	0.15	0.19		153	6.7	1.4	98	19	11	0	118.4	129.4	91	76	15	0	1.79	34.2	33.3	21.8	0
1	Primavera	SAF	P2	P2	0.10-0.20	0.09	868.0	2.5	1.48	0.07	0.19	0.26		61	6.6	1.1	42	7	11	0	50.1	61.1	82	69	11	0	1.16	0.0	0.0	0.0	9
1	Primavera	SAF	P2	P2	0.20-0.30	0.07	904.0	2.5	1.58	0.04	0.15	0.19		16	5.4	0.8	16	3	18	0	19.8	37.8	52	42	8	0	0.94	0.0	0.0	0.0	3
1	Primavera	SAF	P3	P3	1m_solo	0.00	0.0	0.0	0.00	0.00	0.00	0.00	0.00	0.00	0.00	0.00	0.00	0.00	0.00	0.00	0.00	0.00	0.00	0.00	0.00	0.00	0.00	33.1	36.0	21.8	0
1	Primavera	SAF	P3	P3	COB	0.00	0.0	0.0	0.00	0.00	0.00	0.00	0.00	0.00	0.00	0.00	0.00	0.00	0.00	0.00	0.00	0.00	0.00	0.00	0.00	0.00	0.00	35.1	33.3	22.8	7
1	Primavera	SAF	P3	P3	0.00-0.10	0.09	897.0	2.5	1.34	0.04	0.19	0.24		568	6.7	3.4	364	39	12	0	406.4	418.4	97	87	9	0	2.44	35.2	35.4	23.4	17
1	Primavera	SAF	P3	P3	0.10-0.20	0.08	889.0	2.5	1.49	0.05	0.15	0.20		61	6.5	0.7	98	9	12	0	107.7	119.7	90	82	8	0	1.09	0.0	0.0	0.0	8
1	Primavera	SAF	P3	P3	0.20-0.30	0.07	906.0	2.5	1.62	0.03	0.16	0.20		11	5.1	0.6	14	3	20	2	17.6	37.6	47	37	8	10	1.20	0.0	0.0	0.0	3
1	Primavera	SAF	P4	P4	1m_solo	0.00	0.0	0.0	0.00	0.00	0.00	0.00	0.00	0.00	0.00	0.00	0.00	0.00	0.00	0.00	0.00	0.00	0.00	0.00	0.00	0.00	0.00	31.4	40.8	21.4	0
1	Primavera	SAF	P4	P4	COB	0.00	0.0	0.0	0.00	0.00	0.00	0.00	0.00	0.00	0.00	0.00	0.00	0.00	0.00	0.00	0.00	0.00	0.00	0.00	0.00	0.00	0.00	31.3	44.3	21.6	8
1	Primavera	SAF	P4	P4	0.00-0.10	0.09	876.0	2.4	1.22	0.05	0.16	0.21		352	6.7	1.5	419	36	11	0	456.5	467.5	98	90	8	0	3.02	32.7	42.1	22.8	19
1	Primavera	SAF	P4	P4	0.10-0.20	0.08	897.0	2.5	1.44	0.06	0.17	0.23		40	6.3	0.9	37	11	12	0	48.9	60.9	80	61	18	0	1.07	0.0	0.0	0.0	6
1	Primavera	SAF	P4	P4	0.20-0.30	0.07	871.0	2.5	1.56	0.02	0.24	0.26		10	5.4	0.7	17	7	16	0	24.7	40.7	61	42	17	0	0.94	0.0	0.0	0.0	2
1	Primavera	SAF	P5	P5	1m_solo	0.00	0.0	0.0	0.00	0.00	0.00	0.00	0.00	0.00	0.00	0.00	0.00	0.00	0.00	0.00	0.00	0.00	0.00	0.00	0.00	0.00	0.00	35.0	38.7	23.5	0
1	Primavera	SAF	P5	P5	COB	0.00	0.0	0.0	0.00	0.00	0.00	0.00	0.00	0.00	0.00	0.00	0.00	0.00	0.00	0.00	0.00	0.00	0.00	0.00	0.00	0.00	0.00	33.4	42.8	22.5	5
1	Primavera	SAF	P5	P5	0.00-0.10	0.11	921.0	2.5	1.30	0.01	0.20	0.22		110	6.2	1.0	185	17	13	0	203.0	216.0	94	86	8	0	1.63	30.4	53.3	23.1	16
1	Primavera	SAF	P5	P5	0.10-0.20	0.10	897.0	2.5	1.45	0.03	0.22	0.25		10	4.9	0.9	17	4	25	2	21.9	46.9	47	36	9	8	1.05	0.0	0.0	0.0	4
1	Primavera	SAF	P5	P5	0.20-0.30	0.07	914.0	2.5	1.44	0.01	0.21	0.22		15	5.2	0.9	22	7	22	0	29.9	51.9	58	42	13	0	0.87	0.0	0.0	0.0	1
2	Outono	SAF	P1	P6	1m_solo	0.00	0.0	0.0	0.00	0.00	0.00	0.00	0.00	0.00	0.00	0.00	0.00	0.00	0.00	0.00	0.00	0.00	0.00	0.00	0.00	0.00	0.00	13.6	79.7	11.3	0
2	Outono	SAF	P1	P6	COB	0.00	0.0	0.0	0.00	0.00	0.00	0.00	0.00	0.00	0.00	0.00	0.00	0.00	0.00	0.00	0.00	0.00	0.00	0.00	0.00	0.00	0.00	13.6	82.7	11.3	0
2	Outono	SAF	P1	P6	0.00-0.10	0.05	897.0	2.7	1.53	0.04	0.13	0.16		0.00	0.00	0.00	0.00	0.00	0.00	0.00	0.00	0.00	0.00	0.00	0.00	0.00	0.00	14.0	8.7	12.2	10
2	Outono	SAF	P1	P6	0.10-0.20	0.06	903.0	2.6	1.53	0.03	0.15	0.18		0.00	0.00	0.00	0.00	0.00	0.00	0.00	0.00	0.00	0.00	0.00	0.00	0.00	0.00	0.0	0.0	0.0	15
2	Outono	SAF	P1	P6	0.20-0.30	0.06	904.0	2.6	1.51	0.06	0.21	0.27		0.00	0.00	0.00	0.00	0.00	0.00	0.00	0.00	0.00	0.00	0.00	0.00	0.00	0.00	0.0	0.0	0.0	2
2	Outono	SAF	P2	P7	1m_solo	0.00	0.0	0.0	0.00	0.00	0.00	0.00	0.00	0.00	0.00	0.00	0.00	0.00	0.00	0.00	0.00	0.00	0.00	0.00	0.00	0.00	0.00	17.5	74.2	14.0	0
2	Outono	SAF	P2	P7	COB	0.00	0.0	0.0	0.00	0.00	0.00	0.00	0.00	0.00	0.00	0.00	0.00	0.00	0.00	0.00	0.00	0.00	0.00	0.00	0.00	0.00	0.00	17.5	79.6	15.2	0
2	Outono	SAF	P2	P7	0.00-0.10	0.07	833.0	2.4	1.19	0.04	0.15	0.19		0.00	0.00	0.00	0.00	0.00	0.00	0.00	0.00	0.00	0.00	0.00	0.00	0.00	0.00	0.0	0.0	0.0	14
2	Outono	SAF	P2	P7	0.10-0.20	0.07	868.0	2.5	1.48	0.07	0.19	0.26		0.00	0.00	0.00	0.00	0.00	0.00	0.00	0.00	0.00	0.00	0.00	0.00	0.00	0.00	0.0	0.0	0.0	5
2	Outono	SAF	P2	P7	0.20-0.30	0.06	904.0	2.5	1.58	0.04	0.15	0.19		0.00	0.00	0.00	0.00	0.00	0.00	0.00	0.00	0.00	0.00	0.00	0.00	0.00	0.00	0.0	0.0	0.0	0
2	Outono	SAF	P3	P8	1m_solo	0.00	0.0	0.0	0.00	0.00	0.00	0.00	0.00	0.00	0.00	0.00	0.00	0.00	0.00	0.00	0.00	0.00	0.00	0.00	0.00	0.00	0.00	19.1	73.1	15.9	0
2	Outono	SAF	P3	P8	COB	0.00	0.0	0.0	0.00	0.00	0.00	0.00	0.00	0.00	0.00	0.00	0.00	0.00	0.00	0.00	0.00	0.00	0.00	0.00	0.00	0.00	0.00	19.5	79.4	16.5	0
2	Outono	SAF	P3	P8	0.00-0.10	0.08	897.0	2.5	1.34	0.04	0.19	0.24		0.00	0.00	0.00	0.00	0.00	0.00	0.00	0.00	0.00	0.00	0.00	0.00	0.00	0.00	21.2	71.6	16.9	6
2	Outono	SAF	P3	P8	0.10-0.20	0.08	889.0	2.5	1.49	0.05	0.15	0.20		0.00	0.00	0.00	0.00	0.00	0.00	0.00	0.00	0.00	0.00	0.00	0.00	0.00	0.00	0.0	0.0	0.0	3
2	Outono	SAF	P3	P8	0.20-0.30	0.06	906.0	2.5	1.62	0.03	0.16	0.20		0.00	0.00	0.00	0.00	0.00	0.00	0.00	0.00	0.00	0.00	0.00	0.00	0.00	0.00	0.0	0.0	0.0	0
2	Outono	SAF	P4	P9	1m_solo	0.00	0.0	0.0	0.00	0.00	0.00	0.00	0.00	0.00	0.00	0.00	0.00	0.00	0.00	0.00	0.00	0.00	0.00	0.00	0.00	0.00	0.00	26.4	50.5	18.3	0
2	Outono	SAF	P4	P9	COB	0.00	0.0	0.0	0.00	0.00	0.00	0.00	0.00	0.00	0.00	0.00	0.00	0.00	0.00	0.00	0.00	0.00	0.00	0.00	0.00	0.00	0.00	24.5	60.8	18.3	1
2	Outono	SAF	P4	P9	0.00-0.10	0.06	876.0	2.4	1.22	0.05	0.16	0.21		0.00	0.00	0.00	0.00	0.00	0.00	0.00	0.00	0.00	0.00	0.00	0.00	0.00	0.00	19.7	74.2	19.6	47
2	Outono	SAF	P4	P9	0.10-0.20	0.05	897.0	2.5	1.44	0.06	0.17	0.23		0.00	0.00	0.00	0.00	0.00	0.00	0.00	0.00	0.00	0.00	0.00	0.00	0.00	0.00	0.0	0.0	0.0	12
2	Outono	SAF	P4	P9	0.20-0.30	0.05	871.0	2.5	1.56	0.02	0.24	0.26		0.00	0.00	0.00	0.00	0.00	0.00	0.00	0.00	0.00	0.00	0.00	0.00	0.00	0.00	0.0	0.0	0.0	11
2	Outono	SAF	P5	P10	1m_solo	0.00	0.0	0.0	0.00	0.00	0.00	0.00	0.00	0.00	0.00	0.00	0.00	0.00	0.00	0.00	0.00	0.00	0.00	0.00	0.00	0.00	0.00	24.9	44.0	16.6	0
2	Outono	SAF	P5	P10	COB	0.00	0.0	0.0	0.00	0.00	0.00	0.00	0.00	0.00	0.00	0.00	0.00	0.00	0.00	0.00	0.00	0.00	0.00	0.00	0.00	0.00	0.00	23.8	56.0	17.5	0
2	Outono	SAF	P5	P10	0.00-0.10	0.07	921.0	2.5	1.30	0.01	0.20	0.22		0.00	0.00	0.00	0.00	0.00	0.00	0.00	0.00	0.00	0.00	0.00	0.00	0.00	0.00	22.1	73.7	18.7	32
2	Outono	SAF	P5	P10	0.10-0.20	0.07	897.0	2.5	1.45	0.03	0.22	0.25		0.00	0.00	0.00	0.00	0.00	0.00	0.00	0.00	0.00	0.00	0.00	0.00	0.00	0.00	0.0	0.0	0.0	4
2	Outono	SAF	P5	P10	0.20-0.30	0.08	914.0	2.5	1.44	0.01	0.21	0.22		0.00	0.00	0.00	0.00	0.00	0.00	0.00	0.00	0.00	0.00	0.00	0.00	0.00	0.00	0.0	0.0	0.0	3
3	Primavera	SAF	P1	P11	1m_solo	0.00	0.0	0.0	0.00	0.00	0.00	0.00	0.00	0.00	0.00	0.00	0.00	0.00	0.00	0.00	0.00	0.00	0.00	0.00	0.00	0.00	0.00	15.4	74.9	12.2	0
3	Primavera	SAF	P1	P11	COB	0.00	0.0	0.0	0.00	0.00	0.00	0.00	0.00	0.00	0.00	0.00	0.00	0.00	0.00	0.00	0.00	0.00	0.00	0.00	0.00	0.00	0.00	15.1	76.9	12.7	1
3	Primavera	SAF	P1	P11	0.00-0.10	0.05	897.0	2.7	1.53	0.04	0.13	0.16		61	5.7	1.1	31	14	13	0	46.1	59.1	78	52	24	0	1.62	15.0	79.9	12.7	3
3	Primavera	SAF	P1	P11	0.10-0.20	0.03	903.0	2.6	1.53	0.03	0.15	0.18		34	5.6	0.8	18	8	13	0	26.8	39.8	67	45	20	0	0.90	0.0	0.0	0.0	0
3	Primavera	SAF	P1	P11	0.20-0.30	0.04	904.0	2.6	1.51	0.06	0.21	0.27		36	5.5	0.9	10	4	12	0	14.9	26.9	55	37	15	0	0.66	0.0	0.0	0.0	0
3	Primavera	SAF	P2	P12	1m_solo	0.00	0.0	0.0	0.00	0.00	0.00	0.00	0.00	0.00	0.00	0.00	0.00	0.00	0.00	0.00	0.00	0.00	0.00	0.00	0.00	0.00	0.00	15.7	74.9	12.7	0
3	Primavera	SAF	P2	P12	COB	0.00	0.0	0.0	0.00	0.00	0.00	0.00	0.00	0.00	0.00	0.00	0.00	0.00	0.00	0.00	0.00	0.00	0.00	0.00	0.00	0.00	0.00	16.1	73.5	14.1	1
3	Primavera	SAF	P2	P12	0.00-0.10	0.08	833.0	2.4	1.19	0.04	0.15	0.19		198	6.3	1.6	88	35	12	0	124.6	136.6	91	64	26	0	1.28	17.0	78.9	14.5	3
3	Primavera	SAF	P2	P12	0.10-0.20	0.07	868.0	2.5	1.48	0.07	0.19	0.26		35	5.1	0.9	16	8	15	1	24.9	39.9	62	40	20	4	0.93	0.0	0.0	0.0	0
3	Primavera	SAF	P2	P12	0.20-0.30	0.07	904.0	2.5	1.58	0.04	0.15	0.19		19	4.9	0.8	11	5	16	2	16.8	32.8	51	34	15	11	0.85	0.0	0.0	0.0	2
3	Primavera	SAF	P3	P13	1m_solo	0.00	0.0	0.0	0.00	0.00	0.00	0.00	0.00	0.00	0.00	0.00	0.00	0.00	0.00	0.00	0.00	0.00	0.00	0.00	0.00	0.00	0.00	23.0	51.9	16.2	0
3	Primavera	SAF	P3	P13	COB	0.00	0.0	0.0	0.00	0.00	0.00	0.00	0.00	0.00	0.00	0.00	0.00	0.00	0.00	0.00	0.00	0.00	0.00	0.00	0.00	0.00	0.00	21.5	73.7	17.8	0
3	Primavera	SAF	P3	P13	0.00-0.10	0.08	897.0	2.5	1.34	0.04	0.19	0.24		30	5.8	1.1	29	20	13	0	50.1	63.1	79	46	32	0	1.47	26.4	48.3	18.3	22
3	Primavera	SAF	P3	P13	0.10-0.20	0.07	889.0	2.5	1.49	0.05	0.15	0.20		32	5.6	0.7	20	11	13	0	31.7	44.7	71	45	25	0	0.99	0.0	0.0	0.0	9
3	Primavera	SAF	P3	P13	0.20-0.30	0.10	906.0	2.5	1.62	0.03	0.16	0.20		6	5.5	0.6	20	10	15	0	30.6	45.6	67	44	22	0	1.30	0.0	0.0	0.0	2
3	Primavera	SAF	P4	P14	1m_solo	0.00	0.0	0.0	0.00	0.00	0.00	0.00	0.00	0.00	0.00	0.00	0.00	0.00	0.00	0.00	0.00	0.00	0.00	0.00	0.00	0.00	0.00	25.5	51.4	17.9	0
3	Primavera	SAF	P4	P14	COB	0.00	0.0	0.0	0.00	0.00	0.00	0.00	0.00	0.00	0.00	0.00	0.00	0.00	0.00	0.00	0.00	0.00	0.00	0.00	0.00	0.00	0.00	24.0	65.4	18.4	6
3	Primavera	SAF	P4	P14	0.00-0.10	0.09	876.0	2.4	1.22	0.05	0.16	0.21		43	6.0	1.1	43	16	12	0	60.1	72.1	83	60	22	0	1.76	29.0	48.2	21.2	39
3	Primavera	SAF	P4	P14	0.10-0.20	0.07	897.0	2.5	1.44	0.06	0.17	0.23		42	5.9	0.7	20	10	11	0	30.7	41.7	74	48	24	0	0.97	0.0	0.0	0.0	1
3	Primavera	SAF	P4	P14	0.20-0.30	0.10	871.0	2.5	1.56	0.02	0.24	0.26		2	5.9	0.6	14	8	11	0	22.6	33.6	67	42	24	0	0.74	0.0	0.0	0.0	1
3	Primavera	SAF	P5	P15	1m_solo	0.00	0.0	0.0	0.00	0.00	0.00	0.00	0.00	0.00	0.00	0.00	0.00	0.00	0.00	0.00	0.00	0.00	0.00	0.00	0.00	0.00	0.00	27.0	45.9	17.9	0
3	Primavera	SAF	P5	P15	COB	0.00	0.0	0.0	0.00	0.00	0.00	0.00	0.00	0.00	0.00	0.00	0.00	0.00	0.00	0.00	0.00	0.00	0.00	0.00	0.00	0.00	0.00	25.8	57.4	21.0	1
3	Primavera	SAF	P5	P15	0.00-0.10	0.09	921.0	2.5	1.30	0.01	0.20	0.22		37	5.3	1.0	20	10	16	0	31.0	47.0	66	43	21	0	1.18	30.2	54.9	21.7	16
3	Primavera	SAF	P5	P15	0.10-0.20	0.07	897.0	2.5	1.45	0.03	0.22	0.25		14	5.1	0.8	13	7	15	1	20.8	35.8	58	36	20	5	0.94	0.0	0.0	0.0	0
3	Primavera	SAF	P5	P15	0.20-0.30	0.05	914.0	2.5	1.44	0.01	0.21	0.22		12	5.3	0.7	9	4	12	0	13.7	25.7	53	35	16	0	0.65	0.0	0.0	0.0	0
4	Verao	SAF	P1	P16	1m_solo	0.00	0.0	0.0	0.00	0.00	0.00	0.00	0.00	0.00	0.00	0.00	0.00	0.00	0.00	0.00	0.00	0.00	0.00	0.00	0.00	0.00	0.00	27.4	67.1	71.0	0
4	Verao	SAF	P1	P16	COB	0.00	0.0	0.0	0.00	0.00	0.00	0.00	0.00	0.00	0.00	0.00	0.00	0.00	0.00	0.00	0.00	0.00	0.00	0.00	0.00	0.00	0.00	26.9	74.9	73.4	0
4	Verao	SAF	P1	P16	0.00-0.10	0.10	897.0	2.7	1.53	0.04	0.13	0.16		43	5.3	1.8	29	16	18	0	46.8	64.8	72	45	25	0	10.64	27.9	73.3	74.0	17
4	Verao	SAF	P1	P16	0.10-0.20	0.12	903.0	2.6	1.53	0.03	0.15	0.18		7	4.7	1.0	12	5	18	2	18.0	36.0	50	33	14	10	0.95	0.0	0.0	0.0	1
4	Verao	SAF	P1	P16	0.20-0.30	0.05	904.0	2.6	1.51	0.06	0.21	0.27		2	4.9	0.6	11	2	15	1	13.6	28.6	48	38	7	7	0.72	0.0	0.0	0.0	0
4	Verao	SAF	P2	P17	1m_solo	0.00	0.0	0.0	0.00	0.00	0.00	0.00	0.00	0.00	0.00	0.00	0.00	0.00	0.00	0.00	0.00	0.00	0.00	0.00	0.00	0.00	0.00	33.5	48.9	58.3	0
4	Verao	SAF	P2	P17	COB	0.00	0.0	0.0	0.00	0.00	0.00	0.00	0.00	0.00	0.00	0.00	0.00	0.00	0.00	0.00	0.00	0.00	0.00	0.00	0.00	0.00	0.00	34.5	50.7	44.3	0
4	Verao	SAF	P2	P17	0.00-0.10	0.07	833.0	2.4	1.19	0.04	0.15	0.19		31	4.9	1.0	19	12	22	1	32.0	54.0	59	35	22	3	1.52	41.0	37.4	35.6	30
4	Verao	SAF	P2	P17	0.10-0.20	0.06	868.0	2.5	1.48	0.07	0.19	0.26		12	4.3	0.6	7	4	22	4	11.6	33.6	35	21	12	26	0.76	0.0	0.0	0.0	4
4	Verao	SAF	P2	P17	0.20-0.30	0.05	904.0	2.5	1.58	0.04	0.15	0.19		6	4.2	0.6	5	3	18	4	8.6	26.6	32	19	11	32	0.68	0.0	0.0	0.0	0
4	Verao	SAF	P3	P18	1m_solo	0.00	0.0	0.0	0.00	0.00	0.00	0.00	0.00	0.00	0.00	0.00	0.00	0.00	0.00	0.00	0.00	0.00	0.00	0.00	0.00	0.00	0.00	36.7	39.1	47.6	0
4	Verao	SAF	P3	P18	COB	0.00	0.0	0.0	0.00	0.00	0.00	0.00	0.00	0.00	0.00	0.00	0.00	0.00	0.00	0.00	0.00	0.00	0.00	0.00	0.00	0.00	0.00	32.7	52.6	57.8	0
4	Verao	SAF	P3	P18	0.00-0.10	0.08	897.0	2.5	1.34	0.04	0.19	0.24		41	5.5	1.3	34	17	20	0	52.3	72.3	72	47	24	0	2.06	31.1	58.5	65.0	8
4	Verao	SAF	P3	P18	0.10-0.20	0.06	889.0	2.5	1.49	0.05	0.15	0.20		22	5.1	0.6	12	9	15	0	21.6	36.6	59	33	25	0	0.82	0.0	0.0	0.0	1
4	Verao	SAF	P3	P18	0.20-0.30	0.11	906.0	2.5	1.62	0.03	0.16	0.20		6	5.2	0.6	10	5	13	0	15.6	28.6	55	35	17	0	0.76	0.0	0.0	0.0	0
4	Verao	SAF	P4	P19	1m_solo	0.00	0.0	0.0	0.00	0.00	0.00	0.00	0.00	0.00	0.00	0.00	0.00	0.00	0.00	0.00	0.00	0.00	0.00	0.00	0.00	0.00	0.00	29.6	56.6	73.1	0
4	Verao	SAF	P4	P19	COB	0.00	0.0	0.0	0.00	0.00	0.00	0.00	0.00	0.00	0.00	0.00	0.00	0.00	0.00	0.00	0.00	0.00	0.00	0.00	0.00	0.00	0.00	26.4	74.5	77.0	0
4	Verao	SAF	P4	P19	0.00-0.10	0.27	876.0	2.4	1.22	0.05	0.16	0.21		42	5.4	1.5	24	16	16	0	41.5	57.5	72	42	28	0	1.36	26.4	73.1	75.4	33
4	Verao	SAF	P4	P19	0.10-0.20	0.12	897.0	2.5	1.44	0.06	0.17	0.23		7	4.6	0.7	9	5	16	2	14.7	30.7	48	29	16	12	0.72	0.0	0.0	0.0	7
4	Verao	SAF	P4	P19	0.20-0.30	0.17	871.0	2.5	1.56	0.02	0.24	0.26		5	4.6	0.6	8	5	18	2	13.6	31.6	43	25	16	13	0.82	0.0	0.0	0.0	3
4	Verao	SAF	P5	P20	1m_solo	0.00	0.0	0.0	0.00	0.00	0.00	0.00	0.00	0.00	0.00	0.00	0.00	0.00	0.00	0.00	0.00	0.00	0.00	0.00	0.00	0.00	0.00	26.3	74.6	21.2	0
4	Verao	SAF	P5	P20	COB	0.00	0.0	0.0	0.00	0.00	0.00	0.00	0.00	0.00	0.00	0.00	0.00	0.00	0.00	0.00	0.00	0.00	0.00	0.00	0.00	0.00	0.00	24.4	83.0	21.9	0
4	Verao	SAF	P5	P20	0.00-0.10	0.13	921.0	2.5	1.30	0.01	0.20	0.22		26	4.9	1.3	13	9	18	1	23.3	41.3	56	31	22	4	0.85	21.6	87.9	22.6	24
4	Verao	SAF	P5	P20	0.10-0.20	0.09	897.0	2.5	1.45	0.03	0.22	0.25		2	4.8	0.8	10	4	15	1	14.8	29.8	50	34	13	6	0.63	0.0	0.0	0.0	0
4	Verao	SAF	P5	P20	0.20-0.30	0.10	914.0	2.5	1.44	0.01	0.21	0.22		11	4.3	0.6	6	3	20	5	9.6	29.6	32	20	10	34	0.74	0.0	0.0	0.0	0
1	Primavera	ILPF	P1	P1	1m_solo	0.00	0.0	0.0	0.00	0.00	0.00	0.00	0.00	0.00	0.00	0.00	0.00	0.00	0.00	0.00	0.00	0.00	0.00	0.00	0.00	0.00	0.00	26.7	68.7	22.8	0
1	Primavera	ILPF	P1	P1	COB	0.00	0.0	0.0	0.00	0.00	0.00	0.00	0.00	0.00	0.00	0.00	0.00	0.00	0.00	0.00	0.00	0.00	0.00	0.00	0.00	0.00	0.00	27.5	67.8	22.8	2
1	Primavera	ILPF	P1	P1	0.00-0.10	0.04	916.0	2.4	1.19	0.04	0.28	0.32		25	5.1	1.1	16	11	20	2	28.1	48.1	58	33	23	7	1.51	26.4	67.5	22.5	6
1	Primavera	ILPF	P1	P1	0.10-0.20	0.03	938.0	2.4	1.48	0.05	0.16	0.21		15	4.6	0.8	7	4	25	2	11.8	36.8	32	19	11	14	0.94	0.0	0.0	0.0	2
1	Primavera	ILPF	P1	P1	0.20-0.30	0.03	882.0	2.6	1.49	0.05	0.16	0.21		11	4.5	1.0	6	2	20	4	9.0	29.0	31	21	7	31	0.71	0.0	0.0	0.0	0
1	Primavera	ILPF	P2	P2	1m_solo	0.00	0.0	0.0	0.00	0.00	0.00	0.00	0.00	0.00	0.00	0.00	0.00	0.00	0.00	0.00	0.00	0.00	0.00	0.00	0.00	0.00	0.00	27.2	59.0	20.7	0
1	Primavera	ILPF	P2	P2	COB	0.00	0.0	0.0	0.00	0.00	0.00	0.00	0.00	0.00	0.00	0.00	0.00	0.00	0.00	0.00	0.00	0.00	0.00	0.00	0.00	0.00	0.00	27.3	72.0	23.4	3
1	Primavera	ILPF	P2	P2	0.00-0.10	0.03	886.0	2.4	1.37	0.05	0.23	0.27		32	5.5	1.3	17	14	16	0	32.3	48.3	67	35	29	0	1.59	30.9	72.0	28.4	12
1	Primavera	ILPF	P2	P2	0.10-0.20	0.04	935.0	2.6	1.52	0.04	0.17	0.21		14	4.7	1.1	9	7	18	2	17.1	35.1	49	26	20	10	0.91	0.0	0.0	0.0	3
1	Primavera	ILPF	P2	P2	0.20-0.30	0.03	899.0	2.4	1.67	0.02	0.16	0.18		5	4.7	0.9	9	4	18	2	13.9	31.9	44	28	13	13	0.86	0.0	0.0	0.0	3
1	Primavera	ILPF	P3	P3	1m_solo	0.00	0.0	0.0	0.00	0.00	0.00	0.00	0.00	0.00	0.00	0.00	0.00	0.00	0.00	0.00	0.00	0.00	0.00	0.00	0.00	0.00	0.00	29.2	47.6	20.6	0
1	Primavera	ILPF	P3	P3	COB	0.00	0.0	0.0	0.00	0.00	0.00	0.00	0.00	0.00	0.00	0.00	0.00	0.00	0.00	0.00	0.00	0.00	0.00	0.00	0.00	0.00	0.00	28.7	58.8	22.2	1
1	Primavera	ILPF	P3	P3	0.00-0.10	0.07	930.0	2.7	1.50	0.02	0.22	0.25		16	5.2	1.1	10	8	16	0	19.1	35.1	54	28	23	0	0.88	32.4	49.0	23.8	4
1	Primavera	ILPF	P3	P3	0.10-0.20	0.03	926.0	2.5	1.58	0.03	0.16	0.19		7	4.8	0.9	8	7	18	2	15.9	33.9	47	24	21	11	1.07	0.0	0.0	0.0	2
1	Primavera	ILPF	P3	P3	0.20-0.30	0.03	940.0	2.6	1.60	0.03	0.16	0.19		5	4.3	0.6	6	3	25	6	9.6	34.6	28	17	9	38	0.83	0.0	0.0	0.0	0
1	Primavera	ILPF	P4	P4	1m_solo	0.00	0.0	0.0	0.00	0.00	0.00	0.00	0.00	0.00	0.00	0.00	0.00	0.00	0.00	0.00	0.00	0.00	0.00	0.00	0.00	0.00	0.00	31.8	45.1	22.0	0
1	Primavera	ILPF	P4	P4	COB	0.00	0.0	0.0	0.00	0.00	0.00	0.00	0.00	0.00	0.00	0.00	0.00	0.00	0.00	0.00	0.00	0.00	0.00	0.00	0.00	0.00	0.00	32.6	45.3	24.1	7
1	Primavera	ILPF	P4	P4	0.00-0.10	0.07	930.0	2.5	1.46	0.03	0.21	0.24		45	5.2	1.1	13	8	15	0	22.1	37.1	60	35	22	0	0.96	31.3	65.4	24.0	4
1	Primavera	ILPF	P4	P4	0.10-0.20	0.03	862.0	2.6	2.29	0.02	0.18	0.20		16	5.1	1.1	8	7	18	1	16.1	34.1	47	23	21	6	1.36	0.0	0.0	0.0	35
1	Primavera	ILPF	P4	P4	0.20-0.30	0.03	922.0	2.5	2.45	0.02	0.15	0.17		15	5.0	0.8	9	7	18	2	16.8	34.8	48	26	20	11	1.52	0.0	0.0	0.0	9
1	Primavera	ILPF	P5	P5	1m_solo	0.00	0.0	0.0	0.00	0.00	0.00	0.00	0.00	0.00	0.00	0.00	0.00	0.00	0.00	0.00	0.00	0.00	0.00	0.00	0.00	0.00	0.00	28.4	45.7	19.8	0
1	Primavera	ILPF	P5	P5	COB	0.00	0.0	0.0	0.00	0.00	0.00	0.00	0.00	0.00	0.00	0.00	0.00	0.00	0.00	0.00	0.00	0.00	0.00	0.00	0.00	0.00	0.00	28.1	48.9	20.3	3
1	Primavera	ILPF	P5	P5	0.00-0.10	0.06	920.0	2.6	1.96	0.04	0.23	0.27		19	5.2	1.2	21	19	20	0	41.2	61.2	67	34	31	0	2.78	28.3	53.0	20.7	9
1	Primavera	ILPF	P5	P5	0.10-0.20	0.03	919.0	2.5	1.83	0.05	0.17	0.22		10	5.1	0.8	10	8	16	1	18.8	34.8	54	29	23	5	1.33	0.0	0.0	0.0	2
1	Primavera	ILPF	P5	P5	0.20-0.30	0.03	912.0	2.6	1.95	0.03	0.14	0.17		4	4.6	0.6	8	5	22	2	13.6	35.6	38	22	14	13	1.24	0.0	0.0	0.0	2
2	Outono	ILPF	P1	P6	1m_solo	0.00	0.0	0.0	0.00	0.00	0.00	0.00	0.00	0.00	0.00	0.00	0.00	0.00	0.00	0.00	0.00	0.00	0.00	0.00	0.00	0.00	0.00	28.8	37.7	18.8	0
2	Outono	ILPF	P1	P6	COB	0.00	0.0	0.0	0.00	0.00	0.00	0.00	0.00	0.00	0.00	0.00	0.00	0.00	0.00	0.00	0.00	0.00	0.00	0.00	0.00	0.00	0.00	17.8	50.0	19.5	0
2	Outono	ILPF	P1	P6	0.00-0.10	0.06	916.0	2.4	1.19	0.04	0.28	0.32		0.00	0.00	0.00	0.00	0.00	0.00	0.00	0.00	0.00	0.00	0.00	0.00	0.00	0.00	27.0	56.0	19.4	10
2	Outono	ILPF	P1	P6	0.10-0.20	0.06	938.0	2.4	1.48	0.05	0.16	0.21		0.00	0.00	0.00	0.00	0.00	0.00	0.00	0.00	0.00	0.00	0.00	0.00	0.00	0.00	0.0	0.0	0.0	4
2	Outono	ILPF	P1	P6	0.20-0.30	0.08	882.0	2.6	1.49	0.05	0.16	0.21		0.00	0.00	0.00	0.00	0.00	0.00	0.00	0.00	0.00	0.00	0.00	0.00	0.00	0.00	0.0	0.0	0.0	1
2	Outono	ILPF	P2	P7	1m_solo	0.00	0.0	0.0	0.00	0.00	0.00	0.00	0.00	0.00	0.00	0.00	0.00	0.00	0.00	0.00	0.00	0.00	0.00	0.00	0.00	0.00	0.00	29.0	34.5	18.6	0
2	Outono	ILPF	P2	P7	COB	0.00	0.0	0.0	0.00	0.00	0.00	0.00	0.00	0.00	0.00	0.00	0.00	0.00	0.00	0.00	0.00	0.00	0.00	0.00	0.00	0.00	0.00	28.9	55.0	21.9	0
2	Outono	ILPF	P2	P7	0.00-0.10	0.06	886.0	2.4	1.37	0.05	0.23	0.27		0.00	0.00	0.00	0.00	0.00	0.00	0.00	0.00	0.00	0.00	0.00	0.00	0.00	0.00	28.0	55.4	18.7	12
2	Outono	ILPF	P2	P7	0.10-0.20	0.06	935.0	2.6	1.52	0.04	0.17	0.21		0.00	0.00	0.00	0.00	0.00	0.00	0.00	0.00	0.00	0.00	0.00	0.00	0.00	0.00	0.0	0.0	0.0	2
2	Outono	ILPF	P2	P7	0.20-0.30	0.06	899.0	2.4	1.67	0.02	0.16	0.18		0.00	0.00	0.00	0.00	0.00	0.00	0.00	0.00	0.00	0.00	0.00	0.00	0.00	0.00	0.0	0.0	0.0	0
2	Outono	ILPF	P3	P8	1m_solo	0.00	0.0	0.0	0.00	0.00	0.00	0.00	0.00	0.00	0.00	0.00	0.00	0.00	0.00	0.00	0.00	0.00	0.00	0.00	0.00	0.00	0.00	27.8	40.9	18.7	0
2	Outono	ILPF	P3	P8	COB	0.00	0.0	0.0	0.00	0.00	0.00	0.00	0.00	0.00	0.00	0.00	0.00	0.00	0.00	0.00	0.00	0.00	0.00	0.00	0.00	0.00	0.00	27.5	49.3	19.0	0
2	Outono	ILPF	P3	P8	0.00-0.10	0.08	930.0	2.7	1.50	0.02	0.22	0.25		0.00	0.00	0.00	0.00	0.00	0.00	0.00	0.00	0.00	0.00	0.00	0.00	0.00	0.00	26.6	66.7	21.3	2
2	Outono	ILPF	P3	P8	0.10-0.20	0.05	926.0	2.5	1.58	0.03	0.16	0.19		0.00	0.00	0.00	0.00	0.00	0.00	0.00	0.00	0.00	0.00	0.00	0.00	0.00	0.00	0.0	0.0	0.0	2
2	Outono	ILPF	P3	P8	0.20-0.30	0.06	940.0	2.6	1.60	0.03	0.16	0.19		0.00	0.00	0.00	0.00	0.00	0.00	0.00	0.00	0.00	0.00	0.00	0.00	0.00	0.00	0.0	0.0	0.0	0
2	Outono	ILPF	P4	P9	1m_solo	0.00	0.0	0.0	0.00	0.00	0.00	0.00	0.00	0.00	0.00	0.00	0.00	0.00	0.00	0.00	0.00	0.00	0.00	0.00	0.00	0.00	0.00	26.3	44.8	18.0	0
2	Outono	ILPF	P4	P9	COB	0.00	0.0	0.0	0.00	0.00	0.00	0.00	0.00	0.00	0.00	0.00	0.00	0.00	0.00	0.00	0.00	0.00	0.00	0.00	0.00	0.00	0.00	25.8	53.0	18.8	3
2	Outono	ILPF	P4	P9	0.00-0.10	0.07	930.0	2.5	1.46	0.03	0.21	0.24		0.00	0.00	0.00	0.00	0.00	0.00	0.00	0.00	0.00	0.00	0.00	0.00	0.00	0.00	0.0	0.0	0.0	3
2	Outono	ILPF	P4	P9	0.10-0.20	0.05	862.0	2.6	2.29	0.02	0.18	0.20		0.00	0.00	0.00	0.00	0.00	0.00	0.00	0.00	0.00	0.00	0.00	0.00	0.00	0.00	0.0	0.0	0.0	0
2	Outono	ILPF	P4	P9	0.20-0.30	0.06	922.0	2.5	2.45	0.02	0.15	0.17		0.00	0.00	0.00	0.00	0.00	0.00	0.00	0.00	0.00	0.00	0.00	0.00	0.00	0.00	0.0	0.0	0.0	1
2	Outono	ILPF	P5	P10	1m_solo	0.00	0.0	0.0	0.00	0.00	0.00	0.00	0.00	0.00	0.00	0.00	0.00	0.00	0.00	0.00	0.00	0.00	0.00	0.00	0.00	0.00	0.00	25.4	49.3	17.8	0
2	Outono	ILPF	P5	P10	COB	0.00	0.0	0.0	0.00	0.00	0.00	0.00	0.00	0.00	0.00	0.00	0.00	0.00	0.00	0.00	0.00	0.00	0.00	0.00	0.00	0.00	0.00	25.3	56.1	18.6	11
2	Outono	ILPF	P5	P10	0.00-0.10	0.05	920.0	2.6	1.96	0.04	0.23	0.27		0.00	0.00	0.00	0.00	0.00	0.00	0.00	0.00	0.00	0.00	0.00	0.00	0.00	0.00	24.1	71.7	20.0	3
2	Outono	ILPF	P5	P10	0.10-0.20	0.06	919.0	2.5	1.83	0.05	0.17	0.22		0.00	0.00	0.00	0.00	0.00	0.00	0.00	0.00	0.00	0.00	0.00	0.00	0.00	0.00	0.0	0.0	0.0	2
2	Outono	ILPF	P5	P10	0.20-0.30	0.07	912.0	2.6	1.95	0.03	0.14	0.17		0.00	0.00	0.00	0.00	0.00	0.00	0.00	0.00	0.00	0.00	0.00	0.00	0.00	0.00	0.0	0.0	0.0	1
3	Primavera	ILPF	P1	P11	1m_solo	0.00	0.0	0.0	0.00	0.00	0.00	0.00	0.00	0.00	0.00	0.00	0.00	0.00	0.00	0.00	0.00	0.00	0.00	0.00	0.00	0.00	0.00	25.7	53.8	18.8	0
3	Primavera	ILPF	P1	P11	COB	0.00	0.0	0.0	0.00	0.00	0.00	0.00	0.00	0.00	0.00	0.00	0.00	0.00	0.00	0.00	0.00	0.00	0.00	0.00	0.00	0.00	0.00	25.3	63.8	20.0	1
3	Primavera	ILPF	P1	P11	0.00-0.10	0.10	916.0	2.4	1.19	0.04	0.28	0.32		22	4.7	1.2	17	17	31	2	35.2	66.2	53	26	26	5	1.70	30.4	56.0	22.6	36
3	Primavera	ILPF	P1	P11	0.10-0.20	0.05	938.0	2.4	1.48	0.05	0.16	0.21		6	4.7	0.7	10	6	22	2	16.7	38.7	43	26	16	11	1.20	0.0	0.0	0.0	1
3	Primavera	ILPF	P1	P11	0.20-0.30	0.12	882.0	2.6	1.49	0.05	0.16	0.21		2	4.6	0.6	7	3	20	3	10.6	30.6	35	23	10	22	0.92	0.0	0.0	0.0	1
3	Primavera	ILPF	P2	P12	1m_solo	0.00	0.0	0.0	0.00	0.00	0.00	0.00	0.00	0.00	0.00	0.00	0.00	0.00	0.00	0.00	0.00	0.00	0.00	0.00	0.00	0.00	0.00	26.2	52.3	18.7	0
3	Primavera	ILPF	P2	P12	COB	0.00	0.0	0.0	0.00	0.00	0.00	0.00	0.00	0.00	0.00	0.00	0.00	0.00	0.00	0.00	0.00	0.00	0.00	0.00	0.00	0.00	0.00	25.5	65.6	21.1	1
3	Primavera	ILPF	P2	P12	0.00-0.10	0.08	886.0	2.4	1.37	0.05	0.23	0.27		29	4.6	1.7	14	14	31	2	29.7	60.7	49	23	23	6	1.81	26.7	63.5	22.1	24
3	Primavera	ILPF	P2	P12	0.10-0.20	0.07	935.0	2.6	1.52	0.04	0.17	0.21		13	4.4	0.9	9	7	34	6	16.9	50.9	33	18	14	26	1.36	0.0	0.0	0.0	0
3	Primavera	ILPF	P2	P12	0.20-0.30	0.07	899.0	2.4	1.67	0.02	0.16	0.18		4	4.3	0.7	6	3	31	8	9.7	40.7	24	15	7	45	1.27	0.0	0.0	0.0	0
3	Primavera	ILPF	P3	P13	1m_solo	0.00	0.0	0.0	0.00	0.00	0.00	0.00	0.00	0.00	0.00	0.00	0.00	0.00	0.00	0.00	0.00	0.00	0.00	0.00	0.00	0.00	0.00	27.3	52.3	19.6	0
3	Primavera	ILPF	P3	P13	COB	0.00	0.0	0.0	0.00	0.00	0.00	0.00	0.00	0.00	0.00	0.00	0.00	0.00	0.00	0.00	0.00	0.00	0.00	0.00	0.00	0.00	0.00	26.5	60.1	21.0	1
3	Primavera	ILPF	P3	P13	0.00-0.10	0.09	930.0	2.7	1.50	0.02	0.22	0.25		17	5.1	1.1	26	28	22	2	55.1	77.1	71	34	36	4	1.95	28.7	52.2	21.8	31
3	Primavera	ILPF	P3	P13	0.10-0.20	0.06	926.0	2.5	1.58	0.03	0.16	0.19		6	5.1	0.7	13	11	20	2	24.7	44.7	55	29	25	7	1.35	0.0	0.0	0.0	2
3	Primavera	ILPF	P3	P13	0.20-0.30	0.08	940.0	2.6	1.60	0.03	0.16	0.19		4	5.2	0.6	12	7	18	0	19.6	37.6	52	32	19	0	1.02	0.0	0.0	0.0	0
3	Primavera	ILPF	P4	P14	1m_solo	0.00	0.0	0.0	0.00	0.00	0.00	0.00	0.00	0.00	0.00	0.00	0.00	0.00	0.00	0.00	0.00	0.00	0.00	0.00	0.00	0.00	0.00	27.2	50.9	19.6	0
3	Primavera	ILPF	P4	P14	COB	0.00	0.0	0.0	0.00	0.00	0.00	0.00	0.00	0.00	0.00	0.00	0.00	0.00	0.00	0.00	0.00	0.00	0.00	0.00	0.00	0.00	0.00	27.0	60.3	21.0	4
3	Primavera	ILPF	P4	P14	0.00-0.10	0.07	930.0	2.5	1.46	0.03	0.21	0.24		14	4.9	0.7	15	16	22	2	31.7	53.7	59	28	30	6	1.63	26.5	67.1	21.8	13
3	Primavera	ILPF	P4	P14	0.10-0.20	0.06	862.0	2.6	2.29	0.02	0.18	0.20		7	5.0	0.7	13	9	22	1	22.7	44.7	51	29	20	4	1.71	0.0	0.0	0.0	3
3	Primavera	ILPF	P4	P14	0.20-0.30	0.05	922.0	2.5	2.45	0.02	0.15	0.17		3	5.1	0.5	12	6	20	1	18.5	38.5	48	31	16	5	1.48	0.0	0.0	0.0	1
3	Primavera	ILPF	P5	P15	1m_solo	0.00	0.0	0.0	0.00	0.00	0.00	0.00	0.00	0.00	0.00	0.00	0.00	0.00	0.00	0.00	0.00	0.00	0.00	0.00	0.00	0.00	0.00	27.0	53.3	19.8	0
3	Primavera	ILPF	P5	P15	COB	0.00	0.0	0.0	0.00	0.00	0.00	0.00	0.00	0.00	0.00	0.00	0.00	0.00	0.00	0.00	0.00	0.00	0.00	0.00	0.00	0.00	0.00	27.6	59.4	22.5	1
3	Primavera	ILPF	P5	P15	0.00-0.10	0.08	920.0	2.6	1.96	0.04	0.23	0.27		32	5.3	0.8	19	18	18	0	37.8	55.8	68	34	32	0	2.50	28.6	58.5	22.0	7
3	Primavera	ILPF	P5	P15	0.10-0.20	0.11	919.0	2.5	1.83	0.05	0.17	0.22		5	5.3	0.6	14	10	16	0	24.6	40.6	61	34	25	0	1.45	0.0	0.0	0.0	8
3	Primavera	ILPF	P5	P15	0.20-0.30	0.07	912.0	2.6	1.95	0.03	0.14	0.17		3	5.3	0.5	14	7	15	0	21.5	36.5	59	38	19	0	1.12	0.0	0.0	0.0	8
4	Verao	ILPF	P1	P16	1m_solo	0.00	0.0	0.0	0.00	0.00	0.00	0.00	0.00	0.00	0.00	0.00	0.00	0.00	0.00	0.00	0.00	0.00	0.00	0.00	0.00	0.00	0.00	30.6	42.0	41.8	0
4	Verao	ILPF	P1	P16	COB	0.00	0.0	0.0	0.00	0.00	0.00	0.00	0.00	0.00	0.00	0.00	0.00	0.00	0.00	0.00	0.00	0.00	0.00	0.00	0.00	0.00	0.00	29.9	44.4	42.7	0
4	Verao	ILPF	P1	P16	0.00-0.10	0.06	916.0	2.4	1.19	0.04	0.28	0.32		14	4.8	1.5	27	21	31	2	49.5	80.5	61	34	26	4	1.70	30.3	54.5	57.6	35
4	Verao	ILPF	P1	P16	0.10-0.20	0.06	938.0	2.4	1.48	0.05	0.16	0.21		6	4.4	0.7	10	10	34	5	20.7	54.7	38	18	18	19	1.30	0.0	0.0	0.0	1
4	Verao	ILPF	P1	P16	0.20-0.30	0.05	882.0	2.6	1.49	0.05	0.16	0.21		5	4.3	0.6	7	7	34	6	14.6	48.6	30	14	14	29	1.06	0.0	0.0	0.0	0
4	Verao	ILPF	P2	P17	1m_solo	0.00	0.0	0.0	0.00	0.00	0.00	0.00	0.00	0.00	0.00	0.00	0.00	0.00	0.00	0.00	0.00	0.00	0.00	0.00	0.00	0.00	0.00	31.9	41.0	42.9	0
4	Verao	ILPF	P2	P17	COB	0.00	0.0	0.0	0.00	0.00	0.00	0.00	0.00	0.00	0.00	0.00	0.00	0.00	0.00	0.00	0.00	0.00	0.00	0.00	0.00	0.00	0.00	31.5	41.1	45.5	0
4	Verao	ILPF	P2	P17	0.00-0.10	0.12	886.0	2.4	1.37	0.05	0.23	0.27		12	4.6	1.9	18	16	34	2	35.9	69.9	51	26	23	5	2.06	33.6	48.9	49.1	67
4	Verao	ILPF	P2	P17	0.10-0.20	0.07	935.0	2.6	1.52	0.04	0.17	0.21		21	3.8	0.7	3	3	42	16	6.7	48.7	14	6	6	70	1.01	0.0	0.0	0.0	9
4	Verao	ILPF	P2	P17	0.20-0.30	0.08	899.0	2.4	1.67	0.02	0.16	0.18		10	4.0	0.8	7	6	42	11	13.8	55.8	25	13	11	44	1.31	0.0	0.0	0.0	4
4	Verao	ILPF	P3	P18	1m_solo	0.00	0.0	0.0	0.00	0.00	0.00	0.00	0.00	0.00	0.00	0.00	0.00	0.00	0.00	0.00	0.00	0.00	0.00	0.00	0.00	0.00	0.00	31.6	42.6	47.5	0
4	Verao	ILPF	P3	P18	COB	0.00	0.0	0.0	0.00	0.00	0.00	0.00	0.00	0.00	0.00	0.00	0.00	0.00	0.00	0.00	0.00	0.00	0.00	0.00	0.00	0.00	0.00	29.1	50.3	46.2	0
4	Verao	ILPF	P3	P18	0.00-0.10	0.09	930.0	2.7	1.50	0.02	0.22	0.25		19	4.6	1.1	14	11	31	2	26.1	57.1	46	25	19	7	1.71	29.9	50.8	53.3	19
4	Verao	ILPF	P3	P18	0.10-0.20	0.07	926.0	2.5	1.58	0.03	0.16	0.19		6	4.2	0.7	6	5	34	9	11.7	45.7	26	13	11	43	1.16	0.0	0.0	0.0	2
4	Verao	ILPF	P3	P18	0.20-0.30	0.09	940.0	2.6	1.60	0.03	0.16	0.19		8	4.1	0.9	5	3	34	10	8.9	42.9	21	12	7	53	0.98	0.0	0.0	0.0	0
4	Verao	ILPF	P4	P19	1m_solo	0.00	0.0	0.0	0.00	0.00	0.00	0.00	0.00	0.00	0.00	0.00	0.00	0.00	0.00	0.00	0.00	0.00	0.00	0.00	0.00	0.00	0.00	31.5	36.2	38.5	0
4	Verao	ILPF	P4	P19	COB	0.00	0.0	0.0	0.00	0.00	0.00	0.00	0.00	0.00	0.00	0.00	0.00	0.00	0.00	0.00	0.00	0.00	0.00	0.00	0.00	0.00	0.00	30.8	42.3	44.0	0
4	Verao	ILPF	P4	P19	0.00-0.10	0.10	930.0	2.5	1.46	0.03	0.21	0.24		12	4.6	1.8	20	17	28	2	38.8	66.8	58	30	25	5	1.85	33.4	46.7	46.0	43
4	Verao	ILPF	P4	P19	0.10-0.20	0.08	862.0	2.6	2.29	0.02	0.18	0.20		4	4.3	0.8	8	6	31	6	14.8	45.8	32	17	13	29	1.62	0.0	0.0	0.0	4
4	Verao	ILPF	P4	P19	0.20-0.30	0.06	922.0	2.5	2.45	0.02	0.15	0.17		10	4.7	1.5	11	10	22	2	22.5	44.5	51	25	22	8	1.43	0.0	0.0	0.0	2
4	Verao	ILPF	P5	P20	1m_solo	0.00	0.0	0.0	0.00	0.00	0.00	0.00	0.00	0.00	0.00	0.00	0.00	0.00	0.00	0.00	0.00	0.00	0.00	0.00	0.00	0.00	0.00	32.5	37.1	38.6	0
4	Verao	ILPF	P5	P20	COB	0.00	0.0	0.0	0.00	0.00	0.00	0.00	0.00	0.00	0.00	0.00	0.00	0.00	0.00	0.00	0.00	0.00	0.00	0.00	0.00	0.00	0.00	32.1	39.9	37.0	0
4	Verao	ILPF	P5	P20	0.00-0.10	0.13	920.0	2.6	1.96	0.04	0.23	0.27		3	4.4	0.6	8	3	25	5	11.6	36.6	32	22	8	30	1.68	31.0	43.8	42.7	8
4	Verao	ILPF	P5	P20	0.10-0.20	0.08	919.0	2.5	1.83	0.05	0.17	0.22		22	4.7	0.6	10	4	20	2	14.6	34.6	42	29	12	12	1.10	0.0	0.0	0.0	0
4	Verao	ILPF	P5	P20	0.20-0.30	0.08	912.0	2.6	1.95	0.03	0.14	0.17		5	5.0	0.5	11	3	18	1	14.5	32.5	45	34	9	6	1.11	0.0	0.0	0.0	0
1	Primavera	Pasto	P1	P1	1m_solo	0.00	0.0	0.0	0.00	0.00	0.00	0.00	0.00	0.00	0.00	0.00	0.00	0.00	0.00	0.00	0.00	0.00	0.00	0.00	0.00	0.00	0.00	29.6	55.8	22.2	0
1	Primavera	Pasto	P1	P1	COB	0.00	0.0	0.0	0.00	0.00	0.00	0.00	0.00	0.00	0.00	0.00	0.00	0.00	0.00	0.00	0.00	0.00	0.00	0.00	0.00	0.00	0.00	29.7	55.7	22.3	0
1	Primavera	Pasto	P1	P1	0.00-0.10	0.05	933.0	2.5	2.05	0.02	0.24	0.26		23	5.7	0.8	9	8	12	0	17.8	29.8	60	30	27	0	1.11	30.0	56.4	23.1	4
1	Primavera	Pasto	P1	P1	0.10-0.20	0.04	945.0	2.4	2.13	0.01	0.23	0.25		8	5.6	0.5	9	4	12	0	13.5	25.5	53	35	16	0	1.21	0.0	0.0	0.0	6
1	Primavera	Pasto	P1	P1	0.20-0.30	0.05	942.0	2.6	2.22	0.01	0.20	0.22		5	5.5	0.5	8	3	12	0	11.5	23.5	49	34	13	0	1.04	0.0	0.0	0.0	1
1	Primavera	Pasto	P2	P2	1m_solo	0.00	0.0	0.0	0.00	0.00	0.00	0.00	0.00	0.00	0.00	0.00	0.00	0.00	0.00	0.00	0.00	0.00	0.00	0.00	0.00	0.00	0.00	29.3	54.6	21.4	0
1	Primavera	Pasto	P2	P2	COB	0.00	0.0	0.0	0.00	0.00	0.00	0.00	0.00	0.00	0.00	0.00	0.00	0.00	0.00	0.00	0.00	0.00	0.00	0.00	0.00	0.00	0.00	28.2	58.2	21.9	2
1	Primavera	Pasto	P2	P2	0.00-0.10	0.04	946.0	2.4	2.07	0.03	0.22	0.25		14	5.2	1.1	8	4	13	0	13.1	26.1	50	31	15	0	1.15	28.4	57.1	21.9	3
1	Primavera	Pasto	P2	P2	0.10-0.20	0.04	927.0	2.5	1.32	0.01	0.21	0.22		6	5.2	0.6	9	2	13	0	11.6	24.6	47	37	8	0	0.73	0.0	0.0	0.0	3
1	Primavera	Pasto	P2	P2	0.20-0.30	0.05	907.0	2.5	1.20	0.01	0.20	0.21		8	5.2	0.7	8	2	13	0	10.7	23.7	45	34	8	0	0.55	0.0	0.0	0.0	0
1	Primavera	Pasto	P3	P3	1m_solo	0.00	0.0	0.0	0.00	0.00	0.00	0.00	0.00	0.00	0.00	0.00	0.00	0.00	0.00	0.00	0.00	0.00	0.00	0.00	0.00	0.00	0.00	26.6	66.2	21.9	0
1	Primavera	Pasto	P3	P3	COB	0.00	0.0	0.0	0.00	0.00	0.00	0.00	0.00	0.00	0.00	0.00	0.00	0.00	0.00	0.00	0.00	0.00	0.00	0.00	0.00	0.00	0.00	25.6	69.8	20.9	0
1	Primavera	Pasto	P3	P3	0.00-0.10	0.02	944.0	2.6	1.16	0.02	0.22	0.24		18	5.3	1.0	8	7	13	0	16.0	29.0	55	28	24	0	0.79	25.8	68.6	21.6	1
1	Primavera	Pasto	P3	P3	0.10-0.20	0.04	952.0	2.5	1.37	0.01	0.25	0.26		36	5.7	0.9	11	10	12	0	21.9	33.9	65	32	29	0	0.87	0.0	0.0	0.0	0
1	Primavera	Pasto	P3	P3	0.20-0.30	0.03	957.0	2.6	1.64	0.01	0.21	0.21		8	5.6	0.5	10	4	12	0	14.5	26.5	55	38	15	0	0.72	0.0	0.0	0.0	0
1	Primavera	Pasto	P4	P4	1m_solo	0.00	0.0	0.0	0.00	0.00	0.00	0.00	0.00	0.00	0.00	0.00	0.00	0.00	0.00	0.00	0.00	0.00	0.00	0.00	0.00	0.00	0.00	20.3	82.5	17.7	0
1	Primavera	Pasto	P4	P4	COB	0.00	0.0	0.0	0.00	0.00	0.00	0.00	0.00	0.00	0.00	0.00	0.00	0.00	0.00	0.00	0.00	0.00	0.00	0.00	0.00	0.00	0.00	19.4	87.4	17.7	0
1	Primavera	Pasto	P4	P4	0.00-0.10	0.04	951.0	2.5	1.28	0.05	0.23	0.28		6	5.7	0.5	10	3	11	0	13.5	24.5	55	41	12	0	0.56	20.0	88.5	18.0	4
1	Primavera	Pasto	P4	P4	0.10-0.20	0.04	950.0	2.5	1.46	0.02	0.25	0.27		6	5.5	0.6	10	4	12	0	14.6	26.6	55	38	15	0	0.76	0.0	0.0	0.0	6
1	Primavera	Pasto	P4	P4	0.20-0.30	0.04	956.0	2.4	1.67	0.01	0.19	0.20		13	5.5	0.7	11	5	12	0	16.7	28.7	58	38	17	0	1.10	0.0	0.0	0.0	1
1	Primavera	Pasto	P5	P5	1m_solo	0.00	0.0	0.0	0.00	0.00	0.00	0.00	0.00	0.00	0.00	0.00	0.00	0.00	0.00	0.00	0.00	0.00	0.00	0.00	0.00	0.00	0.00	19.3	91.4	18.3	0
1	Primavera	Pasto	P5	P5	COB	0.00	0.0	0.0	0.00	0.00	0.00	0.00	0.00	0.00	0.00	0.00	0.00	0.00	0.00	0.00	0.00	0.00	0.00	0.00	0.00	0.00	0.00	19.7	93.4	18.3	0
1	Primavera	Pasto	P5	P5	0.00-0.10	0.02	948.0	2.5	1.45	0.02	0.24	0.26		7	3.5	0.7	2	1	31	14	3.7	34.7	11	6	3	79	0.98	21.8	95.6	20.0	0
1	Primavera	Pasto	P5	P5	0.10-0.20	0.03	939.0	2.5	1.57	0.02	0.20	0.22		16	5.6	0.5	11	3	12	0	14.5	26.5	55	42	11	0	0.68	0.0	0.0	0.0	2
1	Primavera	Pasto	P5	P5	0.20-0.30	0.04	951.0	2.5	1.65	0.01	0.17	0.18		12	5.7	0.6	9	3	11	0	12.6	23.6	53	38	13	0	0.81	0.0	0.0	0.0	0
2	Outono	Pasto	P1	P6	1m_solo	0.00	0.0	0.0	0.00	0.00	0.00	0.00	0.00	0.00	0.00	0.00	0.00	0.00	0.00	0.00	0.00	0.00	0.00	0.00	0.00	0.00	0.00	19.2	72.3	15.6	0
2	Outono	Pasto	P1	P6	COB	0.00	0.0	0.0	0.00	0.00	0.00	0.00	0.00	0.00	0.00	0.00	0.00	0.00	0.00	0.00	0.00	0.00	0.00	0.00	0.00	0.00	0.00	18.8	79.3	16.1	1
2	Outono	Pasto	P1	P6	0.00-0.10	0.05	933.0	2.5	2.05	0.02	0.24	0.26		0.00	0.00	0.00	0.00	0.00	0.00	0.00	0.00	0.00	0.00	0.00	0.00	0.00	0.00	21.0	74.5	16.9	2
2	Outono	Pasto	P1	P6	0.10-0.20	0.04	945.0	2.4	2.13	0.01	0.23	0.25		0.00	0.00	0.00	0.00	0.00	0.00	0.00	0.00	0.00	0.00	0.00	0.00	0.00	0.00	0.0	0.0	0.0	1
2	Outono	Pasto	P1	P6	0.20-0.30	0.05	942.0	2.6	2.22	0.01	0.20	0.22		0.00	0.00	0.00	0.00	0.00	0.00	0.00	0.00	0.00	0.00	0.00	0.00	0.00	0.00	0.0	0.0	0.0	0
2	Outono	Pasto	P2	P7	1m_solo	0.00	0.0	0.0	0.00	0.00	0.00	0.00	0.00	0.00	0.00	0.00	0.00	0.00	0.00	0.00	0.00	0.00	0.00	0.00	0.00	0.00	0.00	29.5	44.8	19.9	0
2	Outono	Pasto	P2	P7	COB	0.00	0.0	0.0	0.00	0.00	0.00	0.00	0.00	0.00	0.00	0.00	0.00	0.00	0.00	0.00	0.00	0.00	0.00	0.00	0.00	0.00	0.00	24.8	68.0	20.0	0
2	Outono	Pasto	P2	P7	0.00-0.10	0.05	946.0	2.4	2.07	0.03	0.22	0.25		0.00	0.00	0.00	0.00	0.00	0.00	0.00	0.00	0.00	0.00	0.00	0.00	0.00	0.00	25.0	62.0	19.5	5
2	Outono	Pasto	P2	P7	0.10-0.20	0.05	927.0	2.5	1.32	0.01	0.21	0.22		0.00	0.00	0.00	0.00	0.00	0.00	0.00	0.00	0.00	0.00	0.00	0.00	0.00	0.00	0.0	0.0	0.0	4
2	Outono	Pasto	P2	P7	0.20-0.30	0.06	907.0	2.5	1.20	0.01	0.20	0.21		0.00	0.00	0.00	0.00	0.00	0.00	0.00	0.00	0.00	0.00	0.00	0.00	0.00	0.00	0.0	0.0	0.0	0
2	Outono	Pasto	P3	P8	1m_solo	0.00	0.0	0.0	0.00	0.00	0.00	0.00	0.00	0.00	0.00	0.00	0.00	0.00	0.00	0.00	0.00	0.00	0.00	0.00	0.00	0.00	0.00	24.2	65.9	19.1	0
2	Outono	Pasto	P3	P8	COB	0.00	0.0	0.0	0.00	0.00	0.00	0.00	0.00	0.00	0.00	0.00	0.00	0.00	0.00	0.00	0.00	0.00	0.00	0.00	0.00	0.00	0.00	24.1	71.9	19.9	0
2	Outono	Pasto	P3	P8	0.00-0.10	0.04	944.0	2.6	1.16	0.02	0.22	0.24		0.00	0.00	0.00	0.00	0.00	0.00	0.00	0.00	0.00	0.00	0.00	0.00	0.00	0.00	25.7	67.7	20.3	0
2	Outono	Pasto	P3	P8	0.10-0.20	0.06	952.0	2.5	1.37	0.01	0.25	0.26		0.00	0.00	0.00	0.00	0.00	0.00	0.00	0.00	0.00	0.00	0.00	0.00	0.00	0.00	0.0	0.0	0.0	0
2	Outono	Pasto	P3	P8	0.20-0.30	0.05	957.0	2.6	1.64	0.01	0.21	0.21		0.00	0.00	0.00	0.00	0.00	0.00	0.00	0.00	0.00	0.00	0.00	0.00	0.00	0.00	0.0	0.0	0.0	1
2	Outono	Pasto	P4	P9	1m_solo	0.00	0.0	0.0	0.00	0.00	0.00	0.00	0.00	0.00	0.00	0.00	0.00	0.00	0.00	0.00	0.00	0.00	0.00	0.00	0.00	0.00	0.00	25.2	82.5	18.9	0
2	Outono	Pasto	P4	P9	COB	0.00	0.0	0.0	0.00	0.00	0.00	0.00	0.00	0.00	0.00	0.00	0.00	0.00	0.00	0.00	0.00	0.00	0.00	0.00	0.00	0.00	0.00	25.0	65.1	20.9	0
2	Outono	Pasto	P4	P9	0.00-0.10	0.07	951.0	2.5	1.28	0.05	0.23	0.28		0.00	0.00	0.00	0.00	0.00	0.00	0.00	0.00	0.00	0.00	0.00	0.00	0.00	0.00	25.7	65.6	20.3	3
2	Outono	Pasto	P4	P9	0.10-0.20	0.09	950.0	2.5	1.46	0.02	0.25	0.27		0.00	0.00	0.00	0.00	0.00	0.00	0.00	0.00	0.00	0.00	0.00	0.00	0.00	0.00	0.0	0.0	0.0	0
2	Outono	Pasto	P4	P9	0.20-0.30	0.06	956.0	2.4	1.67	0.01	0.19	0.20		0.00	0.00	0.00	0.00	0.00	0.00	0.00	0.00	0.00	0.00	0.00	0.00	0.00	0.00	0.0	0.0	0.0	1
2	Outono	Pasto	P5	P10	1m_solo	0.00	0.0	0.0	0.00	0.00	0.00	0.00	0.00	0.00	0.00	0.00	0.00	0.00	0.00	0.00	0.00	0.00	0.00	0.00	0.00	0.00	0.00	26.9	52.0	19.7	0
2	Outono	Pasto	P5	P10	COB	0.00	0.0	0.0	0.00	0.00	0.00	0.00	0.00	0.00	0.00	0.00	0.00	0.00	0.00	0.00	0.00	0.00	0.00	0.00	0.00	0.00	0.00	27.5	58.7	21.0	0
2	Outono	Pasto	P5	P10	0.00-0.10	0.06	948.0	2.5	1.45	0.02	0.24	0.26		0.00	0.00	0.00	0.00	0.00	0.00	0.00	0.00	0.00	0.00	0.00	0.00	0.00	0.00	27.9	54.5	21.0	0
2	Outono	Pasto	P5	P10	0.10-0.20	0.05	939.0	2.5	1.57	0.02	0.20	0.22		0.00	0.00	0.00	0.00	0.00	0.00	0.00	0.00	0.00	0.00	0.00	0.00	0.00	0.00	0.0	0.0	0.0	0
2	Outono	Pasto	P5	P10	0.20-0.30	0.04	951.0	2.5	1.65	0.01	0.17	0.18		0.00	0.00	0.00	0.00	0.00	0.00	0.00	0.00	0.00	0.00	0.00	0.00	0.00	0.00	0.0	0.0	0.0	0
3	Primavera	Pasto	P1	P11	1m_solo	0.00	0.0	0.0	0.00	0.00	0.00	0.00	0.00	0.00	0.00	0.00	0.00	0.00	0.00	0.00	0.00	0.00	0.00	0.00	0.00	0.00	0.00	26.3	57.5	20.0	0
3	Primavera	Pasto	P1	P11	COB	0.00	0.0	0.0	0.00	0.00	0.00	0.00	0.00	0.00	0.00	0.00	0.00	0.00	0.00	0.00	0.00	0.00	0.00	0.00	0.00	0.00	0.00	26.8	60.3	20.8	1
3	Primavera	Pasto	P1	P11	0.00-0.10	0.05	933.0	2.5	2.05	0.02	0.24	0.26		18	5.0	0.8	12	7	18	1	19.8	37.8	52	32	19	5	1.60	27.0	67.4	22.7	0
3	Primavera	Pasto	P1	P11	0.10-0.20	0.04	945.0	2.4	2.13	0.01	0.23	0.25		3	5.0	0.6	8	2	20	1	10.6	30.6	35	26	7	9	1.04	0.0	0.0	0.0	0
3	Primavera	Pasto	P1	P11	0.20-0.30	0.05	942.0	2.6	2.22	0.01	0.20	0.22		2	5.0	0.5	9	1	25	1	10.5	35.5	30	25	3	9	1.23	0.0	0.0	0.0	1
3	Primavera	Pasto	P2	P12	1m_solo	0.00	0.0	0.0	0.00	0.00	0.00	0.00	0.00	0.00	0.00	0.00	0.00	0.00	0.00	0.00	0.00	0.00	0.00	0.00	0.00	0.00	0.00	25.6	59.1	20.0	0
3	Primavera	Pasto	P2	P12	COB	0.00	0.0	0.0	0.00	0.00	0.00	0.00	0.00	0.00	0.00	0.00	0.00	0.00	0.00	0.00	0.00	0.00	0.00	0.00	0.00	0.00	0.00	26.0	62.5	20.3	0
3	Primavera	Pasto	P2	P12	0.00-0.10	0.05	946.0	2.4	2.07	0.03	0.22	0.25		18	4.8	0.9	8	6	20	2	14.9	34.9	43	23	17	12	1.05	26.7	67.4	22.5	0
3	Primavera	Pasto	P2	P12	0.10-0.20	0.04	927.0	2.5	1.32	0.01	0.21	0.22		2	4.9	0.6	7	2	18	1	9.6	27.6	35	25	7	9	0.71	0.0	0.0	0.0	0
3	Primavera	Pasto	P2	P12	0.20-0.30	0.05	907.0	2.5	1.20	0.01	0.20	0.21		2	4.9	0.5	7	1	22	2	8.5	30.5	28	23	3	19	0.62	0.0	0.0	0.0	0
3	Primavera	Pasto	P3	P13	1m_solo	0.00	0.0	0.0	0.00	0.00	0.00	0.00	0.00	0.00	0.00	0.00	0.00	0.00	0.00	0.00	0.00	0.00	0.00	0.00	0.00	0.00	0.00	25.5	57.2	20.0	0
3	Primavera	Pasto	P3	P13	COB	0.00	0.0	0.0	0.00	0.00	0.00	0.00	0.00	0.00	0.00	0.00	0.00	0.00	0.00	0.00	0.00	0.00	0.00	0.00	0.00	0.00	0.00	26.6	58.4	20.0	0
3	Primavera	Pasto	P3	P13	0.00-0.10	0.05	944.0	2.6	1.16	0.02	0.22	0.24		10	5.1	0.7	9	8	16	1	17.7	33.7	53	27	24	5	0.65	25.9	74.6	21.1	1
3	Primavera	Pasto	P3	P13	0.10-0.20	0.03	952.0	2.5	1.37	0.01	0.25	0.26		2	5.3	0.5	9	3	15	0	12.5	27.5	45	33	11	0	0.66	0.0	0.0	0.0	1
3	Primavera	Pasto	P3	P13	0.20-0.30	0.03	957.0	2.6	1.64	0.01	0.21	0.21		10	5.3	0.5	9	2	16	0	11.5	27.5	42	33	7	0	0.77	0.0	0.0	0.0	1
3	Primavera	Pasto	P4	P14	1m_solo	0.00	0.0	0.0	0.00	0.00	0.00	0.00	0.00	0.00	0.00	0.00	0.00	0.00	0.00	0.00	0.00	0.00	0.00	0.00	0.00	0.00	0.00	25.6	58.1	19.1	0
3	Primavera	Pasto	P4	P14	COB	0.00	0.0	0.0	0.00	0.00	0.00	0.00	0.00	0.00	0.00	0.00	0.00	0.00	0.00	0.00	0.00	0.00	0.00	0.00	0.00	0.00	0.00	25.5	64.3	20.8	0
3	Primavera	Pasto	P4	P14	0.00-0.10	0.05	951.0	2.5	1.28	0.05	0.23	0.28		15	5.2	0.7	16	15	15	0	31.7	46.7	68	34	32	0	0.76	25.5	74.3	21.5	1
3	Primavera	Pasto	P4	P14	0.10-0.20	0.05	950.0	2.5	1.46	0.02	0.25	0.27		5	5.4	0.5	9	3	13	0	12.5	25.5	49	35	12	0	0.67	0.0	0.0	0.0	0
3	Primavera	Pasto	P4	P14	0.20-0.30	0.04	956.0	2.4	1.67	0.01	0.19	0.20		3	5.3	0.5	8	2	15	0	10.5	25.5	41	31	8	0	0.68	0.0	0.0	0.0	0
3	Primavera	Pasto	P5	P15	1m_solo	0.00	0.0	0.0	0.00	0.00	0.00	0.00	0.00	0.00	0.00	0.00	0.00	0.00	0.00	0.00	0.00	0.00	0.00	0.00	0.00	0.00	0.00	24.5	67.0	20.0	0
3	Primavera	Pasto	P5	P15	COB	0.00	0.0	0.0	0.00	0.00	0.00	0.00	0.00	0.00	0.00	0.00	0.00	0.00	0.00	0.00	0.00	0.00	0.00	0.00	0.00	0.00	0.00	24.3	75.7	20.5	1
3	Primavera	Pasto	P5	P15	0.00-0.10	0.05	948.0	2.5	1.45	0.02	0.24	0.26		5	4.7	0.6	5	3	20	2	8.6	28.6	30	17	10	19	0.74	24.1	71.2	20.0	1
3	Primavera	Pasto	P5	P15	0.10-0.20	0.06	939.0	2.5	1.57	0.02	0.20	0.22		1	4.9	0.5	6	1	18	2	7.5	25.5	29	24	4	21	0.70	0.0	0.0	0.0	0
3	Primavera	Pasto	P5	P15	0.20-0.30	0.05	951.0	2.5	1.65	0.01	0.17	0.18		1	4.9	0.5	5	1	15	2	6.5	21.5	30	23	5	24	0.69	0.0	0.0	0.0	0
4	Verao	Pasto	P1	P16	1m_solo	0.00	0.0	0.0	0.00	0.00	0.00	0.00	0.00	0.00	0.00	0.00	0.00	0.00	0.00	0.00	0.00	0.00	0.00	0.00	0.00	0.00	0.00	22.6	71.1	71.8	0
4	Verao	Pasto	P1	P16	COB	0.00	0.0	0.0	0.00	0.00	0.00	0.00	0.00	0.00	0.00	0.00	0.00	0.00	0.00	0.00	0.00	0.00	0.00	0.00	0.00	0.00	0.00	22.6	72.3	72.8	0
4	Verao	Pasto	P1	P16	0.00-0.10	0.01	933.0	2.5	2.05	0.02	0.24	0.26		21	4.6	0.7	7	4	15	2	11.7	26.7	44	26	15	15	1.03	22.6	72.3	72.8	1
4	Verao	Pasto	P1	P16	0.10-0.20	0.03	945.0	2.4	2.13	0.01	0.23	0.25		17	4.3	0.6	4	2	18	4	6.6	24.6	27	16	8	38	0.79	0.0	0.0	0.0	4
4	Verao	Pasto	P1	P16	0.20-0.30	0.04	942.0	2.6	2.22	0.01	0.20	0.22		17	4.3	0.6	3	2	18	4	5.6	23.6	24	13	8	42	0.84	0.0	0.0	0.0	0
4	Verao	Pasto	P2	P17	1m_solo	0.00	0.0	0.0	0.00	0.00	0.00	0.00	0.00	0.00	0.00	0.00	0.00	0.00	0.00	0.00	0.00	0.00	0.00	0.00	0.00	0.00	0.00	22.6	75.8	76.7	0
4	Verao	Pasto	P2	P17	COB	0.00	0.0	0.0	0.00	0.00	0.00	0.00	0.00	0.00	0.00	0.00	0.00	0.00	0.00	0.00	0.00	0.00	0.00	0.00	0.00	0.00	0.00	22.2	76.7	75.7	0
4	Verao	Pasto	P2	P17	0.00-0.10	0.04	946.0	2.4	2.07	0.03	0.22	0.25		29	4.5	0.6	6	3	15	2	9.6	24.6	39	24	12	17	0.88	22.2	76.7	75.7	1
4	Verao	Pasto	P2	P17	0.10-0.20	0.05	927.0	2.5	1.32	0.01	0.21	0.22		20	4.1	0.6	3	2	18	6	5.6	23.6	24	13	8	52	0.52	0.0	0.0	0.0	0
4	Verao	Pasto	P2	P17	0.20-0.30	0.04	907.0	2.5	1.20	0.01	0.20	0.21		21	4.1	0.6	3	2	18	6	5.6	23.6	24	13	8	52	0.48	0.0	0.0	0.0	0
4	Verao	Pasto	P3	P18	1m_solo	0.00	0.0	0.0	0.00	0.00	0.00	0.00	0.00	0.00	0.00	0.00	0.00	0.00	0.00	0.00	0.00	0.00	0.00	0.00	0.00	0.00	0.00	23.1	72.4	73.9	0
4	Verao	Pasto	P3	P18	COB	0.00	0.0	0.0	0.00	0.00	0.00	0.00	0.00	0.00	0.00	0.00	0.00	0.00	0.00	0.00	0.00	0.00	0.00	0.00	0.00	0.00	0.00	23.5	71.9	71.8	0
4	Verao	Pasto	P3	P18	0.00-0.10	0.04	944.0	2.6	1.16	0.02	0.22	0.24		24	4.9	0.6	7	4	13	1	11.6	24.6	47	28	16	8	0.56	23.5	71.9	71.8	0
4	Verao	Pasto	P3	P18	0.10-0.20	0.04	952.0	2.5	1.37	0.01	0.25	0.26		16	4.9	0.6	6	2	15	1	8.6	23.6	36	25	8	10	0.54	0.0	0.0	0.0	0
4	Verao	Pasto	P3	P18	0.20-0.30	0.05	957.0	2.6	1.64	0.01	0.21	0.21		16	5.0	0.5	7	2	13	1	9.5	22.5	42	31	9	10	0.64	0.0	0.0	0.0	0
4	Verao	Pasto	P4	P19	1m_solo	0.00	0.0	0.0	0.00	0.00	0.00	0.00	0.00	0.00	0.00	0.00	0.00	0.00	0.00	0.00	0.00	0.00	0.00	0.00	0.00	0.00	0.00	23.6	72.9	73.0	0
4	Verao	Pasto	P4	P19	COB	0.00	0.0	0.0	0.00	0.00	0.00	0.00	0.00	0.00	0.00	0.00	0.00	0.00	0.00	0.00	0.00	0.00	0.00	0.00	0.00	0.00	0.00	23.8	70.9	70.9	0
4	Verao	Pasto	P4	P19	0.00-0.10	0.04	951.0	2.5	1.28	0.05	0.23	0.28		18	4.4	0.6	6	3	16	2	9.6	25.6	37	23	12	17	0.65	23.8	70.9	70.9	2
4	Verao	Pasto	P4	P19	0.10-0.20	0.04	950.0	2.5	1.46	0.02	0.25	0.27		3	4.4	0.6	3	1	16	4	4.6	20.6	22	15	5	47	0.56	0.0	0.0	0.0	1
4	Verao	Pasto	P4	P19	0.20-0.30	0.04	956.0	2.4	1.67	0.01	0.19	0.20		2	4.5	0.6	3	1	15	4	4.6	19.6	23	15	5	47	0.67	0.0	0.0	0.0	0
4	Verao	Pasto	P5	P20	1m_solo	0.00	0.0	0.0	0.00	0.00	0.00	0.00	0.00	0.00	0.00	0.00	0.00	0.00	0.00	0.00	0.00	0.00	0.00	0.00	0.00	0.00	0.00	24.3	71.5	74.5	0
4	Verao	Pasto	P5	P20	COB	0.00	0.0	0.0	0.00	0.00	0.00	0.00	0.00	0.00	0.00	0.00	0.00	0.00	0.00	0.00	0.00	0.00	0.00	0.00	0.00	0.00	0.00	24.4	72.7	75.5	0
4	Verao	Pasto	P5	P20	0.00-0.10	0.04	948.0	2.5	1.45	0.02	0.24	0.26		13	4.4	0.7	9	4	20	3	13.7	33.7	41	27	12	18	1.13	24.4	72.7	75.5	1
4	Verao	Pasto	P5	P20	0.10-0.20	0.04	939.0	2.5	1.57	0.02	0.20	0.22		3	4.3	0.6	4	2	18	6	6.6	24.6	27	16	8	48	0.68	0.0	0.0	0.0	0
4	Verao	Pasto	P5	P20	0.20-0.30	0.03	951.0	2.5	1.65	0.01	0.17	0.18		2	4.3	0.6	4	2	18	6	6.6	24.6	27	16	8	48	0.74	0.0	0.0	0.0	0
1	Primavera	Mata	P1	P1	1m_solo	0.00	0.0	0.0	0.00	0.00	0.00	0.00	0.00	0.00	0.00	0.00	0.00	0.00	0.00	0.00	0.00	0.00	0.00	0.00	0.00	0.00	0.00	20.9	85.6	18.6	0
1	Primavera	Mata	P1	P1	COB	0.00	0.0	0.0	0.00	0.00	0.00	0.00	0.00	0.00	0.00	0.00	0.00	0.00	0.00	0.00	0.00	0.00	0.00	0.00	0.00	0.00	0.00	20.9	87.9	18.6	0
1	Primavera	Mata	P1	P1	0.00-0.10	0.02	967.0	2.5	1.36	0.04	0.21	0.25		18	5.5	0.6	7	4	11	0	11.6	22.6	51	31	18	0	0.56	21.1	89.6	19.6	4
1	Primavera	Mata	P1	P1	0.10-0.20	0.03	919.0	2.5	1.49	0.03	0.19	0.22		4	4.0	0.5	2	1	20	10	3.5	23.5	15	9	4	74	0.62	0.0	0.0	0.0	1
1	Primavera	Mata	P1	P1	0.20-0.30	0.03	913.0	2.5	1.39	0.06	0.19	0.25		4	3.8	0.7	2	1	22	12	3.7	25.7	14	8	4	76	0.65	0.0	0.0	0.0	0
1	Primavera	Mata	P2	P2	1m_solo	0.00	0.0	0.0	0.00	0.00	0.00	0.00	0.00	0.00	0.00	0.00	0.00	0.00	0.00	0.00	0.00	0.00	0.00	0.00	0.00	0.00	0.00	22.7	82.5	19.9	0
1	Primavera	Mata	P2	P2	COB	0.00	0.0	0.0	0.00	0.00	0.00	0.00	0.00	0.00	0.00	0.00	0.00	0.00	0.00	0.00	0.00	0.00	0.00	0.00	0.00	0.00	0.00	22.8	86.8	20.6	3
1	Primavera	Mata	P2	P2	0.00-0.10	0.03	917.0	2.5	1.31	0.02	0.15	0.17		7	3.8	0.7	1	1	47	18	2.7	49.7	5	2	2	87	1.32	23.0	85.8	20.9	2
1	Primavera	Mata	P2	P2	0.10-0.20	0.02	819.0	2.4	1.44	0.03	0.14	0.17		15	4.0	1.3	4	3	64	28	8.3	72.3	11	6	4	77	2.55	0.0	0.0	0.0	5
1	Primavera	Mata	P2	P2	0.20-0.30	0.02	919.0	2.3	1.51	0.05	0.19	0.24		14	3.3	1.0	3	2	121	17	6.0	127.0	5	2	2	74	4.13	0.0	0.0	0.0	1
1	Primavera	Mata	P3	P3	1m_solo	0.00	0.0	0.0	0.00	0.00	0.00	0.00	0.00	0.00	0.00	0.00	0.00	0.00	0.00	0.00	0.00	0.00	0.00	0.00	0.00	0.00	0.00	22.7	83.8	19.9	0
1	Primavera	Mata	P3	P3	COB	0.00	0.0	0.0	0.00	0.00	0.00	0.00	0.00	0.00	0.00	0.00	0.00	0.00	0.00	0.00	0.00	0.00	0.00	0.00	0.00	0.00	0.00	23.0	89.0	21.6	1
1	Primavera	Mata	P3	P3	0.00-0.10	0.03	957.0	2.5	1.18	0.07	0.20	0.27		6	3.8	0.6	2	1	42	18	3.6	45.6	8	4	2	83	1.04	23.5	83.9	20.9	1
1	Primavera	Mata	P3	P3	0.10-0.20	0.03	956.0	2.5	1.39	0.05	0.21	0.26		5	3.5	0.6	1	1	42	22	2.6	44.6	6	2	2	89	0.95	0.0	0.0	0.0	0
1	Primavera	Mata	P3	P3	0.20-0.30	0.03	936.0	2.4	1.43	0.03	0.23	0.26		7	3.4	0.7	1	1	64	18	2.7	66.7	4	1	1	87	1.87	0.0	0.0	0.0	0
1	Primavera	Mata	P4	P4	1m_solo	0.00	0.0	0.0	0.00	0.00	0.00	0.00	0.00	0.00	0.00	0.00	0.00	0.00	0.00	0.00	0.00	0.00	0.00	0.00	0.00	0.00	0.00	23.2	79.5	20.3	0
1	Primavera	Mata	P4	P4	COB	0.00	0.0	0.0	0.00	0.00	0.00	0.00	0.00	0.00	0.00	0.00	0.00	0.00	0.00	0.00	0.00	0.00	0.00	0.00	0.00	0.00	0.00	23.3	84.3	20.9	1
1	Primavera	Mata	P4	P4	0.00-0.10	0.02	950.0	2.6	1.15	0.06	0.28	0.35		6	4.6	0.6	1	1	52	8	2.6	54.6	5	2	2	75	0.98	23.1	86.8	20.9	1
1	Primavera	Mata	P4	P4	0.10-0.20	0.03	891.0	2.4	1.45	0.05	0.18	0.23		12	3.3	0.9	1	1	88	32	2.9	90.9	3	1	1	92	2.28	0.0	0.0	0.0	2
1	Primavera	Mata	P4	P4	0.20-0.30	0.03	954.0	2.5	1.50	0.05	0.21	0.26		4	3.7	0.6	1	1	34	16	2.6	36.6	7	3	3	86	0.95	0.0	0.0	0.0	0
1	Primavera	Mata	P5	P5	1m_solo	0.00	0.0	0.0	0.00	0.00	0.00	0.00	0.00	0.00	0.00	0.00	0.00	0.00	0.00	0.00	0.00	0.00	0.00	0.00	0.00	0.00	0.00	23.9	76.0	20.3	0
1	Primavera	Mata	P5	P5	COB	0.00	0.0	0.0	0.00	0.00	0.00	0.00	0.00	0.00	0.00	0.00	0.00	0.00	0.00	0.00	0.00	0.00	0.00	0.00	0.00	0.00	0.00	24.0	80.9	24.2	0
1	Primavera	Mata	P5	P5	0.00-0.10	0.02	941.0	2.6	1.23	0.02	0.10	0.13		11	3.6	9.0	3	2	80	25	14.0	94.0	15	3	2	64	2.48	24.3	80.0	21.2	0
1	Primavera	Mata	P5	P5	0.10-0.20	0.02	957.0	2.6	1.49	-0.03	0.19	0.16		5	3.8	0.8	2	1	34	16	3.8	37.8	10	5	3	81	1.05	0.0	0.0	0.0	1
1	Primavera	Mata	P5	P5	0.20-0.30	0.02	949.0	2.4	1.47	0.03	0.18	0.21		7	3.6	0.9	0	1	52	20	1.9	53.9	4	0	2	91	1.59	0.0	0.0	0.0	0
2	Outono	Mata	P1	P6	1m_solo	0.00	0.0	0.0	0.00	0.00	0.00	0.00	0.00	0.00	0.00	0.00	0.00	0.00	0.00	0.00	0.00	0.00	0.00	0.00	0.00	0.00	0.00	25.2	49.0	17.8	0
2	Outono	Mata	P1	P6	COB	0.00	0.0	0.0	0.00	0.00	0.00	0.00	0.00	0.00	0.00	0.00	0.00	0.00	0.00	0.00	0.00	0.00	0.00	0.00	0.00	0.00	0.00	25.0	65.0	18.9	3
2	Outono	Mata	P1	P6	0.00-0.10	0.09	967.0	2.5	1.36	0.04	0.21	0.25		0.00	0.00	0.00	0.00	0.00	0.00	0.00	0.00	0.00	0.00	0.00	0.00	0.00	0.00	23.4	74.6	19.6	6
2	Outono	Mata	P1	P6	0.10-0.20	0.07	919.0	2.5	1.49	0.03	0.19	0.22		0.00	0.00	0.00	0.00	0.00	0.00	0.00	0.00	0.00	0.00	0.00	0.00	0.00	0.00	0.0	0.0	0.0	3
2	Outono	Mata	P1	P6	0.20-0.30	0.07	913.0	2.5	1.39	0.06	0.19	0.25		0.00	0.00	0.00	0.00	0.00	0.00	0.00	0.00	0.00	0.00	0.00	0.00	0.00	0.00	0.0	0.0	0.0	0
2	Outono	Mata	P2	P7	1m_solo	0.00	0.0	0.0	0.00	0.00	0.00	0.00	0.00	0.00	0.00	0.00	0.00	0.00	0.00	0.00	0.00	0.00	0.00	0.00	0.00	0.00	0.00	26.1	43.2	17.5	0
2	Outono	Mata	P2	P7	COB	0.00	0.0	0.0	0.00	0.00	0.00	0.00	0.00	0.00	0.00	0.00	0.00	0.00	0.00	0.00	0.00	0.00	0.00	0.00	0.00	0.00	0.00	25.6	54.1	19.3	1
2	Outono	Mata	P2	P7	0.00-0.10	0.03	917.0	2.5	1.31	0.02	0.15	0.17		0.00	0.00	0.00	0.00	0.00	0.00	0.00	0.00	0.00	0.00	0.00	0.00	0.00	0.00	24.7	64.0	19.5	2
2	Outono	Mata	P2	P7	0.10-0.20	0.03	819.0	2.4	1.44	0.03	0.14	0.17		0.00	0.00	0.00	0.00	0.00	0.00	0.00	0.00	0.00	0.00	0.00	0.00	0.00	0.00	0.0	0.0	0.0	1
2	Outono	Mata	P2	P7	0.20-0.30	0.03	919.0	2.3	1.51	0.05	0.19	0.24		0.00	0.00	0.00	0.00	0.00	0.00	0.00	0.00	0.00	0.00	0.00	0.00	0.00	0.00	0.0	0.0	0.0	1
2	Outono	Mata	P3	P8	1m_solo	0.00	0.0	0.0	0.00	0.00	0.00	0.00	0.00	0.00	0.00	0.00	0.00	0.00	0.00	0.00	0.00	0.00	0.00	0.00	0.00	0.00	0.00	25.3	46.1	17.3	0
2	Outono	Mata	P3	P8	COB	0.00	0.0	0.0	0.00	0.00	0.00	0.00	0.00	0.00	0.00	0.00	0.00	0.00	0.00	0.00	0.00	0.00	0.00	0.00	0.00	0.00	0.00	24.7	60.0	18.8	3
2	Outono	Mata	P3	P8	0.00-0.10	0.04	957.0	2.5	1.18	0.07	0.20	0.27		0.00	0.00	0.00	0.00	0.00	0.00	0.00	0.00	0.00	0.00	0.00	0.00	0.00	0.00	24.5	70.8	20.0	6
2	Outono	Mata	P3	P8	0.10-0.20	0.04	956.0	2.5	1.39	0.05	0.21	0.26		0.00	0.00	0.00	0.00	0.00	0.00	0.00	0.00	0.00	0.00	0.00	0.00	0.00	0.00	0.0	0.0	0.0	1
2	Outono	Mata	P3	P8	0.20-0.30	0.04	936.0	2.4	1.43	0.03	0.23	0.26		0.00	0.00	0.00	0.00	0.00	0.00	0.00	0.00	0.00	0.00	0.00	0.00	0.00	0.00	0.0	0.0	0.0	0
2	Outono	Mata	P4	P9	1m_solo	0.00	0.0	0.0	0.00	0.00	0.00	0.00	0.00	0.00	0.00	0.00	0.00	0.00	0.00	0.00	0.00	0.00	0.00	0.00	0.00	0.00	0.00	24.7	52.3	16.9	0
2	Outono	Mata	P4	P9	COB	0.00	0.0	0.0	0.00	0.00	0.00	0.00	0.00	0.00	0.00	0.00	0.00	0.00	0.00	0.00	0.00	0.00	0.00	0.00	0.00	0.00	0.00	17.2	65.2	18.9	5
2	Outono	Mata	P4	P9	0.00-0.10	0.03	950.0	2.6	1.15	0.06	0.28	0.35		0.00	0.00	0.00	0.00	0.00	0.00	0.00	0.00	0.00	0.00	0.00	0.00	0.00	0.00	24.8	62.2	19.5	3
2	Outono	Mata	P4	P9	0.10-0.20	0.04	891.0	2.4	1.45	0.05	0.18	0.23		0.00	0.00	0.00	0.00	0.00	0.00	0.00	0.00	0.00	0.00	0.00	0.00	0.00	0.00	0.0	0.0	0.0	2
2	Outono	Mata	P4	P9	0.20-0.30	0.03	954.0	2.5	1.50	0.05	0.21	0.26		0.00	0.00	0.00	0.00	0.00	0.00	0.00	0.00	0.00	0.00	0.00	0.00	0.00	0.00	0.0	0.0	0.0	2
2	Outono	Mata	P5	P10	1m_solo	0.00	0.0	0.0	0.00	0.00	0.00	0.00	0.00	0.00	0.00	0.00	0.00	0.00	0.00	0.00	0.00	0.00	0.00	0.00	0.00	0.00	0.00	24.9	55.8	18.4	0
2	Outono	Mata	P5	P10	COB	0.00	0.0	0.0	0.00	0.00	0.00	0.00	0.00	0.00	0.00	0.00	0.00	0.00	0.00	0.00	0.00	0.00	0.00	0.00	0.00	0.00	0.00	23.9	70.0	19.1	3
2	Outono	Mata	P5	P10	0.00-0.10	0.04	941.0	2.6	1.23	0.02	0.10	0.13		0.00	0.00	0.00	0.00	0.00	0.00	0.00	0.00	0.00	0.00	0.00	0.00	0.00	0.00	23.1	69.4	18.5	3
2	Outono	Mata	P5	P10	0.10-0.20	0.04	957.0	2.6	1.49	-0.03	0.19	0.16		0.00	0.00	0.00	0.00	0.00	0.00	0.00	0.00	0.00	0.00	0.00	0.00	0.00	0.00	0.0	0.0	0.0	6
2	Outono	Mata	P5	P10	0.20-0.30	0.03	949.0	2.4	1.47	0.03	0.18	0.21		0.00	0.00	0.00	0.00	0.00	0.00	0.00	0.00	0.00	0.00	0.00	0.00	0.00	0.00	0.0	0.0	0.0	2
3	Primavera	Mata	P1	P11	1m_solo	0.00	0.0	0.0	0.00	0.00	0.00	0.00	0.00	0.00	0.00	0.00	0.00	0.00	0.00	0.00	0.00	0.00	0.00	0.00	0.00	0.00	0.00	26.8	56.3	20.3	0
3	Primavera	Mata	P1	P11	COB	0.00	0.0	0.0	0.00	0.00	0.00	0.00	0.00	0.00	0.00	0.00	0.00	0.00	0.00	0.00	0.00	0.00	0.00	0.00	0.00	0.00	0.00	27.6	59.6	21.0	8
3	Primavera	Mata	P1	P11	0.00-0.10	0.21	967.0	2.5	1.36	0.04	0.21	0.25		13	4.9	2.1	47	24	52	2	73.1	125.1	58	38	19	3	5.92	26.8	59.0	20.6	18
3	Primavera	Mata	P1	P11	0.10-0.20	0.15	919.0	2.5	1.49	0.03	0.19	0.22		5	4.5	1.3	9	8	52	4	18.3	70.3	26	13	11	18	2.32	0.0	0.0	0.0	1
3	Primavera	Mata	P1	P11	0.20-0.30	0.11	913.0	2.5	1.39	0.06	0.19	0.25		4	4.2	1.1	6	5	42	8	12.1	54.1	22	11	9	40	1.94	0.0	0.0	0.0	1
3	Primavera	Mata	P2	P12	1m_solo	0.00	0.0	0.0	0.00	0.00	0.00	0.00	0.00	0.00	0.00	0.00	0.00	0.00	0.00	0.00	0.00	0.00	0.00	0.00	0.00	0.00	0.00	27.5	53.7	20.5	0
3	Primavera	Mata	P2	P12	COB	0.00	0.0	0.0	0.00	0.00	0.00	0.00	0.00	0.00	0.00	0.00	0.00	0.00	0.00	0.00	0.00	0.00	0.00	0.00	0.00	0.00	0.00	27.5	55.4	21.0	10
3	Primavera	Mata	P2	P12	0.00-0.10	0.07	917.0	2.5	1.31	0.02	0.15	0.17		8	4.7	1.8	25	14	34	4	40.8	74.8	55	33	19	9	3.15	27.5	59.2	21.5	25
3	Primavera	Mata	P2	P12	0.10-0.20	0.10	819.0	2.4	1.44	0.03	0.14	0.17		3	4.5	1.1	9	9	38	4	19.1	57.1	33	16	16	17	1.47	0.0	0.0	0.0	3
3	Primavera	Mata	P2	P12	0.20-0.30	0.11	919.0	2.3	1.51	0.05	0.19	0.24		3	4.4	0.8	5	7	38	6	12.8	50.8	25	10	14	32	1.28	0.0	0.0	0.0	0
3	Primavera	Mata	P3	P13	1m_solo	0.00	0.0	0.0	0.00	0.00	0.00	0.00	0.00	0.00	0.00	0.00	0.00	0.00	0.00	0.00	0.00	0.00	0.00	0.00	0.00	0.00	0.00	28.7	52.8	21.3	0
3	Primavera	Mata	P3	P13	COB	0.00	0.0	0.0	0.00	0.00	0.00	0.00	0.00	0.00	0.00	0.00	0.00	0.00	0.00	0.00	0.00	0.00	0.00	0.00	0.00	0.00	0.00	28.5	57.8	22.0	1
3	Primavera	Mata	P3	P13	0.00-0.10	0.07	957.0	2.5	1.18	0.07	0.20	0.27		8	4.9	1.7	28	16	28	2	45.7	73.7	62	38	22	4	1.79	28.0	56.7	21.2	21
3	Primavera	Mata	P3	P13	0.10-0.20	0.13	956.0	2.5	1.39	0.05	0.21	0.26		4	4.7	1.1	12	9	31	2	22.1	53.1	42	23	17	8	1.71	0.0	0.0	0.0	1
3	Primavera	Mata	P3	P13	0.20-0.30	0.10	936.0	2.4	1.43	0.03	0.23	0.26		3	4.4	0.8	6	8	38	6	14.8	52.8	28	11	15	29	1.66	0.0	0.0	0.0	0
3	Primavera	Mata	P4	P14	1m_solo	0.00	0.0	0.0	0.00	0.00	0.00	0.00	0.00	0.00	0.00	0.00	0.00	0.00	0.00	0.00	0.00	0.00	0.00	0.00	0.00	0.00	0.00	31.7	42.9	22.0	0
3	Primavera	Mata	P4	P14	COB	0.00	0.0	0.0	0.00	0.00	0.00	0.00	0.00	0.00	0.00	0.00	0.00	0.00	0.00	0.00	0.00	0.00	0.00	0.00	0.00	0.00	0.00	29.8	51.6	21.6	1
3	Primavera	Mata	P4	P14	0.00-0.10	0.18	950.0	2.6	1.15	0.06	0.28	0.35		8	4.8	1.2	26	15	38	2	42.2	80.2	53	32	19	5	2.78	30.0	56.4	22.1	18
3	Primavera	Mata	P4	P14	0.10-0.20	0.14	891.0	2.4	1.45	0.05	0.18	0.23		5	4.3	1.0	7	6	47	8	14.0	61.0	23	11	10	36	2.30	0.0	0.0	0.0	3
3	Primavera	Mata	P4	P14	0.20-0.30	0.12	954.0	2.5	1.50	0.05	0.21	0.26		3	4.3	1.0	4	5	42	8	10.0	52.0	19	8	10	44	1.57	0.0	0.0	0.0	1
3	Primavera	Mata	P5	P15	1m_solo	0.00	0.0	0.0	0.00	0.00	0.00	0.00	0.00	0.00	0.00	0.00	0.00	0.00	0.00	0.00	0.00	0.00	0.00	0.00	0.00	0.00	0.00	30.0	52.7	22.1	0
3	Primavera	Mata	P5	P15	COB	0.00	0.0	0.0	0.00	0.00	0.00	0.00	0.00	0.00	0.00	0.00	0.00	0.00	0.00	0.00	0.00	0.00	0.00	0.00	0.00	0.00	0.00	29.2	58.1	22.7	6
3	Primavera	Mata	P5	P15	0.00-0.10	0.09	941.0	2.6	1.23	0.02	0.10	0.13		9	4.8	1.9	31	20	38	2	52.9	90.9	58	34	22	4	3.14	28.1	70.3	22.7	21
3	Primavera	Mata	P5	P15	0.10-0.20	0.12	957.0	2.6	1.49	-0.03	0.19	0.16		6	4.8	1.4	23	16	42	2	40.4	82.4	49	28	19	5	2.61	0.0	0.0	0.0	4
3	Primavera	Mata	P5	P15	0.20-0.30	0.11	949.0	2.4	1.47	0.03	0.18	0.21		4	4.5	1.2	12	10	42	5	23.2	65.2	36	18	15	18	0.00	0.0	0.0	0.0	0
4	Verao	Mata	P1	P16	1m_solo	0.00	0.0	0.0	0.00	0.00	0.00	0.00	0.00	0.00	0.00	0.00	0.00	0.00	0.00	0.00	0.00	0.00	0.00	0.00	0.00	0.00	0.00	30.1	51.5	51.4	0
4	Verao	Mata	P1	P16	COB	0.00	0.0	0.0	0.00	0.00	0.00	0.00	0.00	0.00	0.00	0.00	0.00	0.00	0.00	0.00	0.00	0.00	0.00	0.00	0.00	0.00	0.00	28.7	60.5	60.5	10
4	Verao	Mata	P1	P16	0.00-0.10	0.07	967.0	2.5	1.36	0.04	0.21	0.25		7	4.2	1.2	25	14	52	6	40.2	92.2	44	27	15	13	2.21	29.2	57.6	58.3	10
4	Verao	Mata	P1	P16	0.10-0.20	0.08	919.0	2.5	1.49	0.03	0.19	0.22		5	4.2	1.4	9	6	42	8	16.4	58.4	28	15	10	33	1.74	0.0	0.0	0.0	24
4	Verao	Mata	P1	P16	0.20-0.30	0.08	913.0	2.5	1.39	0.06	0.19	0.25		3	4.1	1.1	3	5	42	10	9.1	51.1	18	6	10	52	1.21	0.0	0.0	0.0	2
4	Verao	Mata	P2	P17	1m_solo	0.00	0.0	0.0	0.00	0.00	0.00	0.00	0.00	0.00	0.00	0.00	0.00	0.00	0.00	0.00	0.00	0.00	0.00	0.00	0.00	0.00	0.00	20.3	55.4	56.4	0
4	Verao	Mata	P2	P17	COB	0.00	0.0	0.0	0.00	0.00	0.00	0.00	0.00	0.00	0.00	0.00	0.00	0.00	0.00	0.00	0.00	0.00	0.00	0.00	0.00	0.00	0.00	27.4	62.6	68.6	0
4	Verao	Mata	P2	P17	0.00-0.10	0.12	917.0	2.5	1.31	0.02	0.15	0.17		8	4.4	1.2	18	8	42	4	27.2	69.2	39	26	12	13	2.75	26.7	71.6	73.2	9
4	Verao	Mata	P2	P17	0.10-0.20	0.11	819.0	2.4	1.44	0.03	0.14	0.17		2	4.5	0.8	10	11	31	3	21.8	52.8	41	19	21	12	1.43	0.0	0.0	0.0	4
4	Verao	Mata	P2	P17	0.20-0.30	0.11	919.0	2.3	1.51	0.05	0.19	0.24		2	4.3	1.1	5	7	31	6	13.1	44.1	30	11	16	31	1.08	0.0	0.0	0.0	3
4	Verao	Mata	P3	P18	1m_solo	0.00	0.0	0.0	0.00	0.00	0.00	0.00	0.00	0.00	0.00	0.00	0.00	0.00	0.00	0.00	0.00	0.00	0.00	0.00	0.00	0.00	0.00	26.7	65.6	70.0	0
4	Verao	Mata	P3	P18	COB	0.00	0.0	0.0	0.00	0.00	0.00	0.00	0.00	0.00	0.00	0.00	0.00	0.00	0.00	0.00	0.00	0.00	0.00	0.00	0.00	0.00	0.00	25.8	75.8	71.1	0
4	Verao	Mata	P3	P18	0.00-0.10	0.10	957.0	2.5	1.18	0.07	0.20	0.27		1	4.6	1.3	5	4	25	2	10.3	35.3	29	14	11	16	0.76	26.1	73.0	74.4	2
4	Verao	Mata	P3	P18	0.10-0.20	0.16	956.0	2.5	1.39	0.05	0.21	0.26		1	4.8	0.9	5	4	20	2	9.9	29.9	33	17	13	17	0.93	0.0	0.0	0.0	1
4	Verao	Mata	P3	P18	0.20-0.30	0.12	936.0	2.4	1.43	0.03	0.23	0.26		1	4.4	0.8	4	3	25	3	7.8	32.8	24	12	9	28	0.81	0.0	0.0	0.0	0
4	Verao	Mata	P4	P19	1m_solo	0.00	0.0	0.0	0.00	0.00	0.00	0.00	0.00	0.00	0.00	0.00	0.00	0.00	0.00	0.00	0.00	0.00	0.00	0.00	0.00	0.00	0.00	26.9	58.3	58.1	0
4	Verao	Mata	P4	P19	COB	0.00	0.0	0.0	0.00	0.00	0.00	0.00	0.00	0.00	0.00	0.00	0.00	0.00	0.00	0.00	0.00	0.00	0.00	0.00	0.00	0.00	0.00	26.8	60.3	76.6	3
4	Verao	Mata	P4	P19	0.00-0.10	0.11	950.0	2.6	1.15	0.06	0.28	0.35		9	4.4	1.5	18	10	42	4	29.5	71.5	41	25	14	12	2.10	26.3	62.5	65.5	6
4	Verao	Mata	P4	P19	0.10-0.20	0.08	891.0	2.4	1.45	0.05	0.18	0.23		5	4.0	1.1	5	4	42	12	10.1	52.1	19	10	8	54	1.26	0.0	0.0	0.0	2
4	Verao	Mata	P4	P19	0.20-0.30	0.08	954.0	2.5	1.50	0.05	0.21	0.26		3	3.9	1.0	3	2	42	14	6.0	48.0	12	6	4	70	1.16	0.0	0.0	0.0	3
4	Verao	Mata	P5	P20	1m_solo	0.00	0.0	0.0	0.00	0.00	0.00	0.00	0.00	0.00	0.00	0.00	0.00	0.00	0.00	0.00	0.00	0.00	0.00	0.00	0.00	0.00	0.00	27.3	51.5	52.9	0
4	Verao	Mata	P5	P20	COB	0.00	0.0	0.0	0.00	0.00	0.00	0.00	0.00	0.00	0.00	0.00	0.00	0.00	0.00	0.00	0.00	0.00	0.00	0.00	0.00	0.00	0.00	27.1	57.1	58.3	0
4	Verao	Mata	P5	P20	0.00-0.10	0.09	941.0	2.6	1.23	0.02	0.10	0.13		11	4.7	2.8	26	14	42	3	42.8	84.8	50	31	17	7	2.98	27.3	65.6	66.5	4
4	Verao	Mata	P5	P20	0.10-0.20	0.07	957.0	2.6	1.49	-0.03	0.19	0.16		6	4.1	1.9	6	5	52	13	12.9	64.9	20	9	8	50	1.46	0.0	0.0	0.0	8
4	Verao	Mata	P5	P20	0.20-0.30	0.22	949.0	2.4	1.47	0.03	0.18	0.21		3	4.1	1.4	4	4	38	12	9.4	47.4	20	8	8	56	1.00	0.0	0.0	0.0	3
